Date,Open,High,Low,Close,Volume
6/13/2008,48.75,48.75,48.75,48.75,420
6/16/2008,50,50,50,50,500
6/17/2008,37.25,38,27.5,37.75,6163
6/18/2008,37.5,41.25,37.5,41.25,405
6/19/2008,41.25,41.25,41.25,41.25,500
6/20/2008,47.5,47.5,41.25,41.25,1650
6/23/2008,40,40,40,40,500
6/25/2008,38.25,40,38.25,40,600
6/26/2008,38.25,38.25,38.25,38.25,722
6/27/2008,47.5,47.5,47.5,47.5,100
6/30/2008,38.25,38.25,38.25,38.25,621
7/1/2008,38.25,38.25,38.25,38.25,3000
7/2/2008,40,40,40,40,500
7/3/2008,38.75,38.75,38.75,38.75,500
7/7/2008,38.75,50,38.75,42.5,13600
7/8/2008,43.75,43.75,43.75,43.75,7000
7/9/2008,40,40,40,40,1000
7/10/2008,40,40.25,39.5,39.75,3250
7/11/2008,39.5,39.5,39.5,39.5,1200
7/15/2008,39.5,40,39.5,40,1900
7/16/2008,40.25,41.25,40.25,41.25,2000
7/17/2008,41.25,41.25,41.25,41.25,500
7/18/2008,41.25,41.25,41.25,41.25,500
7/21/2008,40,40,39.5,39.5,1667
7/22/2008,39.5,39.5,39.5,39.5,657
7/23/2008,39.5,40,38.75,40,3573
7/24/2008,40,40,40,40,300
7/25/2008,39.5,39.5,39.5,39.5,997
7/29/2008,40,40,38.75,38.75,2680
7/30/2008,38.75,38.75,36.25,36.25,1584
7/31/2008,37.5,39.5,33.75,33.75,7200
8/1/2008,33.75,36,32.5,34.75,5532
8/4/2008,34.75,38.75,33.75,36.25,4950
8/5/2008,35,35,30,30,16624
8/6/2008,31.25,32.5,30,32.5,9810
8/7/2008,38.75,38.75,31.25,33.75,15543
8/8/2008,32.5,32.5,26.25,30,26800
8/11/2008,30,30,25.5,28.75,13050
8/12/2008,30.25,30.25,26.25,27.5,5100
8/13/2008,28,33.75,26.75,28.5,42650
8/14/2008,28.75,28.75,25.25,27.25,32417
8/15/2008,27.25,27.25,25.25,25.25,7070
8/18/2008,25.25,26.25,25.25,25.5,9130
8/19/2008,27,27.5,27,27,27000
8/20/2008,26.5,27.5,26.25,26.25,3611
8/21/2008,26.25,27.5,26.25,27.5,3800
8/22/2008,26,32.5,26,32.5,23574
8/25/2008,26,32.25,26,31.25,4900
8/26/2008,31.25,31.25,27.5,27.5,5650
8/27/2008,30,30,27,27.5,12750
8/28/2008,27.5,27.5,27,27,2500
8/29/2008,27.5,30,26.25,26.75,10492
9/2/2008,30,30,24.25,25,51032
9/3/2008,25,25,22.5,24.25,25500
9/4/2008,24.25,25,22.5,24,25400
9/5/2008,23,25,23,25,15549
9/8/2008,22.13,25.25,22.13,25.25,35190
9/9/2008,22.5,25,22.5,22.5,17491
9/10/2008,23.75,25,23.75,25,5500
9/11/2008,23,25,23,25,3758
9/12/2008,25,25,25,25,2500
9/15/2008,25,25,22.5,22.75,5800
9/16/2008,22.75,25,22.75,25,1219
9/17/2008,22.5,23.75,22.5,23.75,11300
9/18/2008,23.75,23.75,22.5,22.5,420
9/19/2008,23.75,24.25,22.5,24.25,44600
9/22/2008,25,25,24,25,2000
9/23/2008,24,25,22.75,25,11200
9/24/2008,23.75,24.75,23.75,23.75,1493
9/25/2008,25,25,22.5,25,10300
9/26/2008,25,25,21.25,23.75,3200
9/29/2008,21.25,23.5,21.25,23.5,5100
9/30/2008,20,23.25,20,23.25,600
10/1/2008,23.75,23.75,22.5,22.5,4100
10/2/2008,20,22.25,20,21.75,14500
10/3/2008,20.5,20.5,20,20,7500
10/6/2008,16.25,18.75,10,18.75,5900
10/7/2008,18.5,18.5,18.5,18.5,100
10/8/2008,15,25,14.75,18.25,23965
10/9/2008,18.75,18.75,18.5,18.5,200
10/10/2008,15,18.75,14.75,18.75,8700
10/13/2008,18.5,23.75,17.5,22.5,3500
10/14/2008,20.75,22.5,16.5,16.5,24750
10/15/2008,16.25,16.5,15.25,16.5,24000
10/16/2008,12.75,22.5,12.75,22.5,4100
10/17/2008,16.25,22.5,15,22.5,11700
10/20/2008,15,22,15,15,17900
10/21/2008,15,16.25,12.5,12.75,26704
10/23/2008,12.5,12.5,12.5,12.5,560
10/24/2008,12.5,15.5,12.5,15.25,23500
10/27/2008,16.25,16.25,16.25,16.25,1000
10/28/2008,13,13,13,13,776
10/29/2008,13,13,12.75,12.75,11995
10/30/2008,13.75,15,12.75,13,19833
11/3/2008,13,15,12.75,12.75,33600
11/5/2008,14.75,14.75,13.75,13.75,5500
11/6/2008,3.75,15,3.75,15,2300
11/7/2008,12.5,15,12.5,15,2700
11/11/2008,13,15,13,15,8995
11/14/2008,15,15,15,15,100
11/20/2008,15,15,15,15,500
11/25/2008,11.25,11.25,11.25,11.25,444
11/28/2008,13.5,13.5,13.5,13.5,7500
12/1/2008,13.5,13.75,13.5,13.75,100
12/2/2008,13.75,13.75,13.75,13.75,2700
12/3/2008,15,15,15,15,250
12/9/2008,14,14,14,14,500
12/18/2008,14,14,14,14,117
12/24/2008,15,15,15,15,100
12/30/2008,14.75,14.75,14.75,14.75,156
12/31/2008,14.75,15,14.75,15,27850
1/6/2009,17.5,17.5,17.5,17.5,6101
1/7/2009,12.75,12.75,12.5,12.5,2650
1/8/2009,15,16.25,13.75,15,18300
1/9/2009,15,17.5,15,17.5,6000
1/12/2009,17.5,17.5,17.5,17.5,3400
1/13/2009,12.5,20,12.5,20,300
1/14/2009,18.75,18.75,18.75,18.75,5000
1/15/2009,17.5,17.5,17.5,17.5,101
1/20/2009,17.5,17.5,17.5,17.5,15500
1/21/2009,17.5,17.5,16.25,16.25,10000
1/22/2009,16.25,17.5,16.25,17.5,17895
1/23/2009,17.5,17.5,17.5,17.5,11500
1/26/2009,16.25,16.25,16.25,16.25,5000
1/28/2009,16.25,18.75,16.25,18.75,7500
1/29/2009,18.75,18.75,18.75,18.75,5000
1/30/2009,17,17,15,15,14350
2/5/2009,17.5,17.5,17.5,17.5,8000
2/9/2009,17.5,17.5,17.5,17.5,312
2/11/2009,17.5,17.5,17.5,17.5,400
2/17/2009,17.5,17.5,16.25,17.5,22470
2/18/2009,17.5,17.5,12.75,12.75,2426
2/23/2009,17.5,17.5,17.5,17.5,7724
2/24/2009,17.5,17.5,17.5,17.5,10910
2/25/2009,17.5,17.5,17.5,17.5,5000
2/27/2009,16.25,16.25,16.25,16.25,1045
3/2/2009,16.25,16.25,16.25,16.25,500
3/3/2009,16.25,16.25,16.25,16.25,7800
3/4/2009,16.25,29,16.25,29,2084
3/5/2009,25.25,25.25,17.5,17.5,3945
3/12/2009,17.5,17.5,17.5,17.5,500
3/18/2009,17.5,17.5,17.5,17.5,8000
3/19/2009,17.5,17.5,17.5,17.5,120
3/20/2009,17.5,17.5,17.5,17.5,5000
3/23/2009,17.5,17.5,17.5,17.5,6979
3/24/2009,17.5,17.5,17.5,17.5,5000
3/25/2009,18.75,18.75,17.5,17.5,2463
4/8/2009,17.5,17.5,17.5,17.5,5000
4/13/2009,17.5,17.5,17.5,17.5,15000
4/15/2009,17.5,18.75,17.5,18.75,15297
4/17/2009,17.5,17.5,17.5,17.5,5000
4/21/2009,18.75,18.75,17.5,17.5,45900
4/22/2009,16.75,18.75,16.75,18.75,3260
4/23/2009,16.75,18,16.75,18,7616
4/24/2009,18,18,18,18,2500
4/29/2009,18.75,18.75,18.75,18.75,8000
4/30/2009,18.75,18.75,18.25,18.75,13200
5/1/2009,18.75,20,18.75,20,17497
5/5/2009,20,25,20,25,8997
5/6/2009,21.25,21.25,21.25,21.25,2500
5/7/2009,21.25,22.5,21.25,22.5,13498
5/8/2009,20,21.25,20,20.5,9554
5/27/2009,18.75,20,18.75,19,16798
5/28/2009,19,19,18.75,18.75,11662
5/29/2009,21.25,21.25,21.25,21.25,1000
6/4/2009,19.75,21.25,19.75,19.75,8623
6/5/2009,20,20,19.88,19.88,5000
6/8/2009,19.88,19.88,19.88,19.88,7500
6/10/2009,20,20,20,20,8850
6/15/2009,20,20,20,20,5000
6/16/2009,20,22.5,18.75,18.75,30300
6/17/2009,19.5,19.5,19.5,19.5,5200
6/18/2009,21.25,22.5,21.25,22.5,8000
6/19/2009,22.5,22.5,22.5,22.5,4410
6/22/2009,21.25,21.25,21.25,21.25,5000
6/25/2009,21.25,21.25,20.75,20.75,5800
6/26/2009,22.5,22.5,22.5,22.5,11342
6/29/2009,23.75,23.75,23.75,23.75,11498
6/30/2009,23.75,23.75,23.75,23.75,5220
7/2/2009,22.75,22.75,22.75,22.75,2500
7/7/2009,22.5,22.5,22.5,22.5,7500
7/8/2009,22.5,22.5,22.5,22.5,2500
7/10/2009,23.25,23.75,23.25,23.75,5000
7/13/2009,22.5,23.75,22.5,23.75,5271
7/14/2009,22.5,22.5,20,20,1195
7/15/2009,23.75,23.75,23.75,23.75,1000
7/16/2009,21.75,21.75,21.75,21.75,1110
7/17/2009,22.5,28.75,22.5,28.75,8617
7/20/2009,27.75,27.75,22.5,25,8200
7/21/2009,26.25,26.25,23.75,23.75,4900
7/22/2009,23.75,23.75,21.75,23.75,38279
7/24/2009,25.75,27.5,25.75,27.5,985
7/27/2009,23.75,23.75,22.5,22.5,4242
7/29/2009,23.75,24,23.75,23.75,12700
7/30/2009,26.25,26.25,23.75,23.75,7490
7/31/2009,25,26.25,25,26.25,2500
8/3/2009,25,25,25,25,1000
8/4/2009,24.25,24.25,24.25,24.25,140
8/5/2009,25,25,25,25,172
8/6/2009,25,25,25,25,9997
8/7/2009,25,25,25,25,888
8/10/2009,26.25,26.25,26.25,26.25,580
8/11/2009,25,25,25,25,3000
8/12/2009,26.25,27.25,25,27.25,16000
8/13/2009,27.5,27.5,27.5,27.5,1000
8/14/2009,27.25,27.25,27.25,27.25,1000
8/17/2009,27.5,27.5,27.5,27.5,3000
8/18/2009,27.25,27.25,27.25,27.25,1200
8/19/2009,27.25,27.25,26.25,26.25,7506
8/21/2009,27.5,30,27.5,30,33225
8/24/2009,28.75,37.5,28.75,37,22491
8/25/2009,31.25,32.5,30.25,30.25,15838
8/26/2009,32.5,32.5,30,30,3400
8/27/2009,30,31.25,30,31.25,36862
8/28/2009,30.25,31.5,30.25,31.5,34496
8/31/2009,27.5,32,27.5,30,3500
9/1/2009,30,30,29.25,29.25,4500
9/2/2009,29.25,29.25,29.25,29.25,2000
9/3/2009,30,31.25,29.75,30,14500
9/4/2009,29.75,32,29.75,30,48625
9/8/2009,30,30,30,30,4000
9/9/2009,30,30,29.75,30,9500
9/10/2009,31.25,31.25,30.25,30.25,10000
9/11/2009,30,30,29.75,29.75,7499
9/14/2009,31.25,31.25,29.75,29.75,9369
9/15/2009,30,30,30,30,100
9/17/2009,30.25,30.25,27.5,27.5,1008
9/18/2009,28.75,28.75,28.75,28.75,6000
9/23/2009,30,30,29,29,7500
9/24/2009,27.75,28.75,27.75,28.5,6400
9/25/2009,28.75,28.75,28.75,28.75,4100
9/28/2009,28.75,28.75,28.75,28.75,7880
9/30/2009,28.5,28.5,28.5,28.5,7000
10/1/2009,28.5,30,28.5,28.5,26003
10/2/2009,31.25,31.25,28.5,28.75,17961
10/5/2009,29.75,29.75,28.75,28.75,12070
10/6/2009,28.75,28.75,28.75,28.75,2825
10/7/2009,28.75,29.75,28.5,29.75,17850
10/8/2009,29.75,32,29.5,30.75,36600
10/9/2009,30.75,33.75,30.75,33.75,24500
10/13/2009,32,32,32,32,1000
10/14/2009,32.5,35,32.5,35,62500
10/15/2009,32.75,34.75,32.75,34.75,2743
10/16/2009,36.75,43.75,36.25,43.75,160138
10/19/2009,43.75,55,43.75,50,42486
10/20/2009,50,50,48.75,48.75,1950
10/22/2009,47,47,39.5,40.25,13978
10/23/2009,42.25,50,41,46.25,40200
10/26/2009,46,46,44.25,45,1450
10/27/2009,43,43.75,42.5,43.75,5375
10/28/2009,41,42.5,40,40,8542
10/29/2009,41.25,42.5,40,41,11800
10/30/2009,40.5,41.75,40.5,41.75,736
11/2/2009,42.5,42.5,41.25,41.25,9464
11/3/2009,40,40,37.5,38.75,14107
11/4/2009,38.75,38.75,38.75,38.75,3393
11/5/2009,40,40.5,38.5,38.5,4500
11/6/2009,39.25,42.5,39.25,41.25,23662
11/9/2009,40.75,42,40.75,40.75,3718
11/10/2009,41.25,41.25,40,40,3504
11/12/2009,40.75,40.75,40.75,40.75,6500
11/13/2009,42,49.5,41,48.75,17740
11/16/2009,43.75,45,41.5,41.5,14185
11/17/2009,45,45,42.5,42.5,7704
11/18/2009,42.75,42.75,41.5,42.75,15180
11/19/2009,41.5,42.75,41.25,41.5,6409
11/20/2009,42.5,42.5,41.75,42.5,8500
11/23/2009,42.75,43,41.5,42.75,6192
11/24/2009,41.75,42.5,41.5,42.5,5450
11/27/2009,42.5,43,41.25,42,8252
11/30/2009,43.75,43.75,42,42.5,11000
12/1/2009,43.75,43.75,41.25,41.25,1900
12/2/2009,43.5,43.5,40,41.75,8338
12/3/2009,41.75,42,41.25,42,2790
12/4/2009,42,42,40,40,1900
12/7/2009,40,40,39.25,39.25,1000
12/8/2009,39.25,39.25,37.75,39.25,6600
12/9/2009,37.75,38,37.5,37.5,35901
12/10/2009,36.25,38.75,32.75,33.25,53840
12/11/2009,32.75,35,32.25,32.25,97166
12/14/2009,32,33.75,32,32.5,25512
12/15/2009,34.75,34.75,31.75,31.75,27333
12/16/2009,33.5,33.5,30.5,30.5,23100
12/17/2009,31.25,32.5,30.5,31.25,13612
12/18/2009,31.25,31.25,28.75,30,6886
12/21/2009,27.75,31.25,27.5,31.25,33678
12/22/2009,27.5,31.25,27.5,31,58974
12/23/2009,31.25,35.75,29.25,35.5,23469
12/24/2009,33,33,33,33,798
12/28/2009,35,35,29.5,29.5,9195
12/29/2009,35,35,29.5,29.5,5094
12/30/2009,30,32.5,30,30.25,16538
12/31/2009,29.75,33.75,29.5,32.5,28318
1/4/2010,33.75,33.75,33.75,33.75,4000
1/5/2010,32.5,32.5,30,30.5,7600
1/6/2010,30.5,30.5,29.5,30,8480
1/7/2010,30,30,30,30,6099
1/8/2010,30,32.25,30,31.75,39372
1/11/2010,31.75,31.75,31.25,31.75,7701
1/12/2010,32.25,32.25,31.25,31.5,6000
1/13/2010,31.75,31.75,30,31.5,8998
1/14/2010,31.75,31.75,31.75,31.75,1995
1/15/2010,35,38.25,32.5,37.25,217991
1/19/2010,36.25,37.5,33.75,37.25,59443
1/20/2010,37.5,37.5,36.25,37.25,16849
1/21/2010,35,37.5,32.75,36,31025
1/22/2010,37.5,38.75,37.5,38.75,39200
1/26/2010,35.25,35.25,35.25,35.25,1000
1/27/2010,37.75,38.75,37.25,37.25,9970
1/28/2010,37.5,37.75,37.5,37.75,6660
1/29/2010,37.75,37.75,37.75,37.75,1655
2/1/2010,33.75,33.75,33.75,33.75,300
2/2/2010,37.75,37.75,37.5,37.5,2449
2/3/2010,37.75,37.75,37.75,37.75,5800
2/4/2010,33.75,37.75,33.75,37.75,1200
2/5/2010,38.75,38.75,33.75,33.75,26899
2/8/2010,37.5,38.75,37.5,38.75,1125
2/9/2010,34,34,32.25,33.25,29857
2/10/2010,33,33.25,32.5,32.5,18160
2/11/2010,32.5,32.5,31.25,31.25,1849
2/12/2010,31.25,32.5,31.25,32.5,9200
2/16/2010,35,35,31.25,31.25,1600
2/17/2010,31.5,32.5,30.25,30.75,45200
2/18/2010,32.5,35,31,33.75,15420
2/19/2010,33.75,33.75,33.75,33.75,500
2/22/2010,33.75,33.75,33.75,33.75,1000
2/23/2010,32.5,35,30.5,35,6998
2/24/2010,37.5,37.5,36.25,36.25,8000
2/25/2010,36.25,36.25,36.25,36.25,3000
2/26/2010,38.75,38.75,36.25,38.75,30001
3/1/2010,36.25,36.25,32.5,36.25,1495
3/2/2010,34.75,34.75,33.75,33.75,4000
3/3/2010,34.5,37.5,34.5,35,11632
3/4/2010,36.25,38.75,36.25,36.25,19199
3/5/2010,38.75,41.25,37.5,41.25,98735
3/8/2010,41,45,40,41.25,57150
3/9/2010,40,41.25,38,39.5,21233
3/10/2010,39.5,39.5,38.75,38.75,12114
3/11/2010,38.75,38.75,37.5,38.75,32645
3/12/2010,40,40,38.75,38.75,3850
3/15/2010,40,42.5,39.75,39.75,12520
3/16/2010,39.75,40,39.75,40,1999
3/17/2010,39.5,39.5,39.5,39.5,1400
3/18/2010,39.5,42.5,39.5,40,18836
3/19/2010,40,41.75,40,41.25,42400
3/22/2010,42.25,42.5,40,40.25,11301
3/23/2010,40,40,38.75,38.75,4750
3/24/2010,39.5,40,39.5,39.5,8401
3/25/2010,41.25,41.25,37.75,37.75,30598
3/26/2010,42.5,42.5,40,41.25,61530
3/29/2010,41.25,43.75,41.25,42.5,38814
3/30/2010,43.75,45,43,43.25,30396
3/31/2010,43,43.75,42.5,43.75,5450
4/1/2010,43.75,43.75,42.25,43.75,6483
4/5/2010,43.75,43.75,42.5,42.75,2200
4/6/2010,42.75,42.75,42.5,42.5,6985
4/7/2010,41.5,43.75,41.5,43.75,13060
4/8/2010,43.5,43.75,42.5,43.75,24600
4/9/2010,43.75,43.75,43.75,43.75,1988
4/12/2010,43.75,43.75,43.75,43.75,15212
4/13/2010,44,44,43.75,43.75,2825
4/15/2010,43.75,45,43.75,45,15292
4/16/2010,43.75,44.75,43.75,44.75,1909
4/19/2010,45,45,44,44.75,3900
4/20/2010,44.75,45,43.75,43.75,4600
4/21/2010,43.75,45,43.75,44.75,31456
4/22/2010,45,46.25,45,46.25,26468
4/23/2010,47.5,53.75,46.25,51.25,93847
4/26/2010,51.25,52.5,50,51.25,44038
4/27/2010,44.5,49.75,44.25,49.5,20240
4/28/2010,49.25,49.75,46.25,46.75,24700
4/29/2010,47.5,47.5,46.5,47.5,9819
4/30/2010,46.75,47.5,46.25,46.25,24732
5/3/2010,46.25,46.28,42.75,43.75,24116
5/4/2010,43.75,46.25,37.5,40,38401
5/5/2010,40,41.25,37.5,38.75,16963
5/6/2010,40,40,37.25,37.5,6000
5/7/2010,38,38.75,37.5,37.5,29515
5/10/2010,38.75,41.25,37.5,40,24498
5/11/2010,41.25,41.25,40.25,41.25,5300
5/12/2010,45.5,45.5,37.5,38.75,65482
5/13/2010,38.75,38.75,38.75,38.75,19464
5/14/2010,40,41.25,38.75,40.75,17738
5/17/2010,41.25,43.5,41.25,43,9710
5/18/2010,43,43.75,40.75,43.75,10562
5/19/2010,38.75,41,38.25,38.75,8850
5/20/2010,39.25,43.75,39.25,41.75,14177
5/21/2010,40,42.5,37.5,42.5,46673
5/24/2010,42.5,43.5,41.75,41.75,15418
5/25/2010,41,41.25,41,41.25,2500
5/26/2010,41.25,43.75,41.25,43.25,32136
5/27/2010,43.25,44.25,43.25,44,19099
5/28/2010,45,49,45,48.75,35955
6/1/2010,47.5,49,47.5,48.75,56961
6/2/2010,48.75,49.5,47.5,48.75,24100
6/3/2010,48.75,49.5,47.5,48.5,9781
6/4/2010,48.5,50,48.5,49.75,22833
6/7/2010,49.5,49.75,48.25,48.25,9535
6/8/2010,48.25,50,46.25,47.75,49624
6/9/2010,47.75,47.75,47.5,47.5,3500
6/10/2010,49.25,50,46.5,48.75,18206
6/11/2010,48.75,49.5,47.5,47.5,25220
6/14/2010,47.5,49.25,47.5,49.25,14476
6/15/2010,49.25,49.25,46.25,48.75,9992
6/16/2010,48.75,48.75,47.5,47.5,2000
6/17/2010,47.25,47.25,46.25,46.75,2000
6/18/2010,47.25,49.5,47.25,49.5,1787
6/21/2010,49.5,49.5,46.75,48.75,1110
6/22/2010,46.75,48.75,46.75,48.75,12713
6/23/2010,46.5,48.75,46.25,47,30000
6/24/2010,47,48.25,46.5,46.5,13300
6/25/2010,47.5,47.5,46.25,47,16220
6/28/2010,46.5,48,46.25,47.25,36663
6/29/2010,48.5,48.75,45,45,22851
6/30/2010,46.25,46.25,45,45.5,2900
7/2/2010,46.25,47.5,46.25,47.5,6500
7/6/2010,46.25,47.5,46.25,47.5,1100
7/7/2010,46.5,47.5,46.5,47.5,700
7/8/2010,47.5,47.5,46.25,46.25,19269
7/9/2010,46.25,47.5,46.25,47.5,18800
7/12/2010,48,48,47.5,47.5,10500
7/13/2010,46.75,46.75,43.75,44.5,16250
7/14/2010,44.5,44.5,41.5,41.5,6100
7/15/2010,41.75,43.75,37.5,40,56006
7/16/2010,41.25,43.75,41.25,43.75,44199
7/19/2010,43.75,45,43.75,44.5,13100
7/20/2010,43.75,43.75,42.5,43,23387
7/21/2010,42.5,46.25,42.5,46.25,37990
7/22/2010,45,46,45,45,8356
7/23/2010,45,46.25,45,46.25,6700
7/26/2010,45,46.25,45,46.25,15500
7/27/2010,45,46.25,45,45,11683
7/28/2010,45,47.5,45,46.75,14841
7/29/2010,47.5,47.5,46.25,46.25,13275
7/30/2010,48,48,46.25,47.5,15931
8/2/2010,46.25,47.5,45,45.25,10393
8/3/2010,47.5,47.5,45,46.25,17500
8/4/2010,45,46.25,45,46.25,5600
8/5/2010,45,46.25,45,46.25,1200
8/6/2010,46.25,46.25,46,46,6300
8/9/2010,46,46.25,46,46.25,12200
8/10/2010,45.5,45.5,45.5,45.5,500
8/11/2010,47,47,43.75,43.75,11501
8/12/2010,44.25,45,43.75,45,9395
8/13/2010,45,45,45,45,570
8/16/2010,43.75,44.75,43.5,43.5,13167
8/17/2010,43.75,43.75,42.5,42.5,3350
8/18/2010,42.5,44.5,42.5,42.5,20191
8/19/2010,42.5,42.5,41,42.5,9068
8/20/2010,43.75,43.75,39.5,43.75,10890
8/23/2010,42.5,43.5,42.25,42.5,6300
8/24/2010,41.25,41.25,39.5,39.5,1000
8/25/2010,41.25,41.25,39.5,40,7331
8/26/2010,40,40,38,38,7344
8/27/2010,38.5,38.75,38.25,38.5,21473
8/30/2010,38.75,40,38,38.75,41790
8/31/2010,39,40.75,39,39.5,9800
9/1/2010,38,39.5,38,39.25,2500
9/2/2010,39.25,39.25,37.5,37.5,16296
9/3/2010,37.5,43.75,37.5,42.5,32410
9/7/2010,42.5,43,40.75,42.5,23936
9/8/2010,43,43.75,43,43.75,10150
9/9/2010,46,46,43.25,43.5,16972
9/10/2010,45,47.5,43.75,43.75,21800
9/13/2010,44.25,44.75,44.25,44.25,11826
9/14/2010,44.75,47.25,44.75,45,24766
9/15/2010,45,46,44.25,44.25,25155
9/16/2010,44.5,46.25,44.25,44.25,30793
9/17/2010,48,49,46,48.75,194962
9/20/2010,49,50,46,48.25,53085
9/21/2010,47.5,50,47.25,50,65902
9/22/2010,49.75,56.25,49.63,55.5,109827
9/23/2010,56.25,66.25,55,60,134098
9/24/2010,61.25,63.5,61.25,62.5,84152
9/27/2010,61.25,63,60.25,62.5,61150
9/28/2010,62.5,63.75,60,62.5,37744
9/29/2010,64.5,65,60,65,46700
9/30/2010,65,65,62.5,65,19102
10/1/2010,65,67.5,63,66.25,39216
10/4/2010,68.75,71.25,66.25,71.25,63552
10/5/2010,71.25,82.5,71.25,81.25,183856
10/6/2010,81.25,82.5,77.5,82,125829
10/7/2010,81.75,82.5,79.5,81.25,113100
10/8/2010,82.5,86.25,80.25,82.5,126496
10/11/2010,83.75,83.75,77.5,77.5,45946
10/12/2010,77.25,77.25,69.25,75,91268
10/13/2010,75,77,72.5,73.75,23368
10/14/2010,73.75,75,65,70,70100
10/15/2010,72.5,72.5,71.25,71.25,18123
10/18/2010,73.75,76.25,73.25,73.75,32613
10/19/2010,73.25,75,73.25,75,19942
10/20/2010,75,75,73.75,74.25,27100
10/21/2010,75,76.25,74.5,75,42548
10/22/2010,75,77,75,77,29753
10/25/2010,75,77.5,75,75.75,51669
10/26/2010,75.75,77,73.75,76.25,66570
10/27/2010,76.25,76.25,73.75,75,20209
10/28/2010,73.75,75,72.25,72.25,13922
10/29/2010,71.25,77.5,71.25,76.25,80356
11/1/2010,76.25,77.25,73.75,74.5,23028
11/2/2010,75,76.25,74.75,76.25,29113
11/3/2010,76.25,76.25,75,76,74622
11/4/2010,76,76.25,71.25,73.5,55633
11/5/2010,75,83.75,75,83.75,154336
11/8/2010,85,87.5,82.75,86.75,103617
11/9/2010,87,87.5,77.5,77.5,66364
11/10/2010,78,81.25,77.5,80,21733
11/11/2010,81.25,82.75,77.5,78,29040
11/12/2010,77.5,86.25,77.5,81.75,30690
11/15/2010,81.75,86.75,81.25,86.25,32158
11/16/2010,85.75,86.25,83.75,86.25,31932
11/17/2010,85.5,86.5,83.75,86.5,106268
11/18/2010,85.75,90,85.25,87.5,183246
11/19/2010,88.75,88.75,85,87.5,131003
11/22/2010,87.25,88.5,85.25,86.25,40935
11/23/2010,85.5,86.25,81.25,81.25,42945
11/24/2010,82,85,78.75,83.25,380381
11/26/2010,86.25,88.75,82.5,83.75,85719
11/29/2010,85,85,77.75,82.5,123672
11/30/2010,81.25,81.25,70,75,270181
12/1/2010,75,75,72,72.5,137930
12/2/2010,72.5,72.5,66.75,72.5,98323
12/3/2010,72.5,72.5,68.5,71.75,100032
12/6/2010,70,71.75,62.5,68,351135
12/7/2010,68,68,63.75,64,73157
12/8/2010,64,64,59,60,171093
12/9/2010,60.25,62.25,55,61.25,140052
12/10/2010,64.75,64.75,60.5,62.75,142796
12/13/2010,64.75,65,62.25,62.75,57359
12/14/2010,62.75,70.75,62.5,64.5,104587
12/15/2010,63.75,63.75,61.75,62.25,64860
12/16/2010,62.5,63,59.25,60.5,72598
12/17/2010,61.25,62.5,60,60.25,1041332
12/20/2010,60,61.25,58.75,60,85174
12/21/2010,60,61.25,59.25,60,21599
12/22/2010,60,60,52.5,53.75,226154
12/23/2010,54.75,59.5,54,55.75,217639
12/27/2010,56.25,56.75,55.25,55.25,40471
12/28/2010,55.5,55.75,54,55.75,63420
12/29/2010,56.25,56.25,55.75,55.75,70900
12/30/2010,58.75,58.75,53,58,169604
12/31/2010,58.5,59.25,57.5,59,75375
1/3/2011,59,59,57.25,57.25,63214
1/4/2011,57,57,52.75,55.5,108989
1/5/2011,55.5,58,55.5,58,173392
1/6/2011,58.75,58.75,57.5,58.5,124114
1/7/2011,58.75,62.5,58.5,60,234425
1/10/2011,60,60.25,57.5,59.5,148123
1/11/2011,59.5,59.5,56.63,57,118398
1/12/2011,58.25,58.5,57,58.5,94835
1/13/2011,58.75,60,58,58.5,122103
1/14/2011,58.25,58.5,57.5,57.75,89750
1/18/2011,57.5,58,56.75,57.25,109800
1/19/2011,57.75,58,57.25,57.75,72054
1/20/2011,57.75,62.25,57.5,62.25,133036
1/21/2011,62.5,70,62.5,67.25,182004
1/24/2011,70,71,67.25,69.75,94981
1/25/2011,69.75,71,66.5,70,117863
1/26/2011,69.75,71.75,68,68.25,203283
1/27/2011,68.75,70.5,68,69.75,120128
1/28/2011,70,74.5,70,74.5,264636
1/31/2011,75,81.25,75,80,211520
2/1/2011,82.5,85.25,78.25,78.75,180042
2/2/2011,78.75,78.75,77.5,78.25,100970
2/3/2011,78.75,78.75,75,76.25,80918
2/4/2011,76.25,76.75,68,76.25,174147
2/7/2011,76.25,76.25,70,72.25,57546
2/8/2011,67.5,72.25,62.5,65,172259
2/9/2011,62.75,67,60,62.75,486794
2/10/2011,62.75,66.25,61,63.75,403705
2/11/2011,64,65,60,63.13,246637
2/14/2011,62.5,62.5,60.25,61.75,122498
2/15/2011,61.75,62,59.25,60.25,110339
2/16/2011,60.25,62,60.25,61.5,45910
2/17/2011,62,62.5,55,61,393748
2/18/2011,59,61,56.25,57.75,164941
2/22/2011,61,61,54.25,57.5,327935
2/23/2011,57.75,62.5,57.75,62.5,197375
2/24/2011,62.5,62.75,61.5,62.5,69817
2/25/2011,62.5,62.5,61.25,62.5,34685
2/28/2011,62.25,62.5,60,62.5,33276
3/1/2011,62.5,62.5,60,62.25,19218
3/2/2011,62,63.75,60,62.5,130226
3/3/2011,63,71.75,61.25,70.75,479584
3/4/2011,70,70,66.25,66.25,74641
3/7/2011,70,70,67.25,67.25,133944
3/8/2011,67.5,72.5,67.5,72.5,169523
3/9/2011,71.5,73.75,70.75,71,155089
3/10/2011,70,70.5,68.5,68.5,83656
3/11/2011,68.5,71.25,67.25,71.25,27318
3/14/2011,71.25,71.25,66.75,70.25,28303
3/15/2011,68.75,71.25,65.75,70,72426
3/16/2011,70,70,66.25,67.5,185858
3/17/2011,66.25,68.75,66.25,68.75,89260
3/18/2011,67,68.5,62.5,67.5,104494
3/21/2011,67.5,68.5,66.75,67.25,36637
3/22/2011,67.5,67.5,64,67,80033
3/23/2011,66.25,67.25,62.5,65.5,123688
3/24/2011,66.25,67.25,63,65.5,61825
3/25/2011,66.25,66.25,63.25,65.5,188090
3/28/2011,66,67.5,65.75,66,119286
3/29/2011,67.25,67.5,65,67.25,131670
3/30/2011,66.25,69.75,64,65,443824
3/31/2011,66.25,67.5,65,65,223112
4/1/2011,66.75,67,64.5,65,187768
4/4/2011,67,67.5,65.5,67.5,264554
4/5/2011,67.25,68.75,66.25,67.5,724155
4/6/2011,68.5,69.5,66.5,67.25,352853
4/7/2011,66.5,67.5,63,63.75,212600
4/8/2011,64.5,64.5,62,62.25,346993
4/11/2011,62.5,70,60,67.5,590240
4/12/2011,67.75,68.5,64.75,67.5,369939
4/13/2011,68,68.25,66.75,67.5,107302
4/14/2011,66.5,67.5,64.75,67.5,202361
4/15/2011,66.75,67.5,64.25,67,97932
4/18/2011,67,67.5,63,66,206294
4/19/2011,66,67,65,66.5,284333
4/20/2011,67.5,68.88,65.75,67.5,662697
4/21/2011,67.5,69.25,66.13,66.75,525584
4/25/2011,68.25,69.5,67.38,67.75,315368
4/26/2011,68,69,64.5,65.75,486348
4/27/2011,66.75,68,64.75,65,200376
4/28/2011,64.75,65.5,61.5,62.5,344218
4/29/2011,62.75,62.75,61.25,62.5,164255
5/2/2011,62.5,62.5,61.25,62.5,60461
5/3/2011,61.25,62.5,58.5,59.75,339556
5/4/2011,58.5,59.75,56.75,57.5,300355
5/5/2011,57,60.25,56.25,57.5,2512060
5/6/2011,58,58.25,56.75,56.75,152444
5/9/2011,57.5,57.5,56.5,56.75,48546
5/10/2011,57.25,59.25,57.25,57.5,249283
5/11/2011,57.75,58.75,57.25,57.5,217340
5/12/2011,57.25,57.75,56,56.75,101581
5/13/2011,56.75,57.25,55,56.25,145522
5/16/2011,56.25,56.25,55,55,78568
5/17/2011,55.5,59.25,54.5,59.25,549382
5/18/2011,58.5,59.25,57.5,58.75,145557
5/19/2011,58,58.75,53.75,57.75,372562
5/20/2011,57.5,57.5,55.75,55.75,134602
5/23/2011,56.25,56.25,54.75,55,164529
5/24/2011,55,56,52.5,53.5,225426
5/25/2011,53.5,56.25,53.25,55.5,213458
5/26/2011,56,61,55,60,296767
5/27/2011,60.5,64.75,60,63.75,195925
5/31/2011,63.25,63.75,62.75,63.25,51768
6/1/2011,63.5,64.75,60,61.5,114505
6/2/2011,61.5,73.25,61.5,73.25,720337
6/3/2011,72.75,85,69.25,84.5,864801
6/6/2011,82.5,84,76,76.25,853707
6/7/2011,75.75,76.25,70.5,72,509142
6/8/2011,72,72,69,70.5,165775
6/9/2011,70,75.75,69.75,72.75,275685
6/10/2011,73,73.75,67.63,68.25,143230
6/13/2011,71.25,71.75,68.75,69.5,209911
6/14/2011,70.75,73.25,70.25,72.5,158827
6/15/2011,73,78.5,71,78,395243
6/16/2011,77.5,78.75,73.75,73.75,216879
6/17/2011,75.25,77.5,74.25,74.5,99856
6/20/2011,74.75,77.25,74.25,77,158880
6/21/2011,76.75,77,74,76,153275
6/22/2011,75.5,77.25,75,76.5,149846
6/23/2011,77.25,78.75,75.75,78.5,201790
6/24/2011,78.5,78.5,75.25,75.75,241552
6/27/2011,77.25,77.25,74.25,75,112107
6/28/2011,76.75,77.75,74.5,75,257424
6/29/2011,76.25,83.25,75,82.75,653386
6/30/2011,82.25,83.25,78.5,80.25,497242
7/1/2011,80.5,97.5,80.25,96.75,1141559
7/5/2011,96.75,96.75,89.5,92.25,815093
7/6/2011,93.25,93.25,88.38,92.25,911026
7/7/2011,94.25,103.75,93.75,100,1441199
7/8/2011,99.25,99.5,94.25,98.5,793029
7/11/2011,98.5,98.75,95.25,97,546746
7/12/2011,97.5,98.75,95.5,96,383389
7/13/2011,96.25,99,96,96,405916
7/14/2011,97.5,97.5,90.25,90.25,498409
7/15/2011,90.5,96.25,87.75,96,567803
7/18/2011,96.25,96.25,91.25,92.75,203946
7/19/2011,93,94.25,91.25,93.75,349783
7/20/2011,93,93.5,92,93,355770
7/21/2011,93.5,93.5,90.25,90.25,281096
7/22/2011,92,92,89,90.5,219064
7/25/2011,90.5,90.5,84,84.75,392726
7/26/2011,84,88.5,83.75,84,469886
7/27/2011,83.75,84.75,79,79,381629
7/28/2011,80,80,68.25,74.75,917513
7/29/2011,75.25,84.75,70.75,83.5,197335
8/1/2011,85.25,88.5,76.75,77.5,277011
8/2/2011,78.75,83.75,77.5,80,304749
8/3/2011,79.5,83.75,75.25,76.25,264785
8/4/2011,75,83.5,66.25,72.5,638693
8/5/2011,73.75,76.75,67.5,74.5,314665
8/8/2011,71.25,72.5,63,65,602696
8/9/2011,70,70.75,66.25,68,386613
8/10/2011,69.5,71.25,67.5,70.75,216230
8/11/2011,70.75,71.75,66.75,68.25,253896
8/12/2011,68.25,69.25,67.5,67.75,349863
8/15/2011,70,71.75,68,68,428536
8/16/2011,68.75,76.25,68.75,73.75,416265
8/17/2011,76.75,76.75,73.75,74.25,278309
8/18/2011,72.5,73.75,69,71,234620
8/19/2011,71.5,71.5,67.25,67.5,524699
8/22/2011,68.75,71.25,66.25,67.25,154060
8/23/2011,68.75,69,67,69,458231
8/24/2011,69.25,70,68.25,69.25,230055
8/25/2011,69.75,72,67.25,71.75,182128
8/26/2011,71.75,78.75,71.75,78,180565
8/29/2011,82.25,83,78.5,80,236910
8/30/2011,81.25,82.5,80,82.5,138639
8/31/2011,83,84.75,78.75,79.5,68444
9/1/2011,80,81.25,72.5,75,170689
9/2/2011,77.25,77.5,72,77.5,67768
9/6/2011,77,77,73.75,75,83487
9/7/2011,76.25,78.5,75,77,98299
9/8/2011,75.5,78,75.5,76.25,29170
9/9/2011,77.5,79.25,76.5,79.25,80517
9/12/2011,79.25,79.25,74.5,76.5,71167
9/13/2011,77,78.75,76.25,78.25,107193
9/14/2011,78.75,79.25,77,79.25,103768
9/15/2011,77.75,78,75,77.5,170702
9/16/2011,76.5,78,75.5,76.25,70869
9/19/2011,75.5,77.25,74.5,75.25,101679
9/20/2011,75.75,76.25,69.5,70,222688
9/21/2011,71.25,75.25,71.25,74.25,291740
9/22/2011,72.75,74,67.5,72.5,245862
9/23/2011,71.25,72,67.75,71,119746
9/26/2011,71.25,72.5,67.5,68.5,146106
9/27/2011,67.5,76,67.25,70.25,241798
9/28/2011,70,70.25,66.25,66.25,180392
9/29/2011,68.25,68.75,64.25,65.75,270305
9/30/2011,66.25,68.75,65,68,181884
10/3/2011,66.5,68.5,58,61.5,497721
10/4/2011,58.5,65.5,56.75,65.5,308297
10/5/2011,65.5,67.25,62,64.5,105289
10/6/2011,64.75,66.25,62.5,63.75,125406
10/7/2011,66.25,66.25,62,64.75,107858
10/10/2011,65,65.25,61.25,61.75,119568
10/11/2011,61.5,65,61,64.25,56541
10/12/2011,63.75,66,61.25,65.25,401890
10/13/2011,65.5,66.75,63.75,65,52735
10/14/2011,66.25,66.5,64.75,66.25,115227
10/17/2011,66.5,67,65,66.75,122579
10/18/2011,66.25,66.25,58.75,63.5,1093968
10/19/2011,62.75,63,58.75,60,321113
10/20/2011,60,62.5,58.75,58.75,123212
10/21/2011,60,61,58.75,61,151507
10/24/2011,60,60,58,59.5,92146
10/25/2011,59.5,61.25,58.5,61.25,157753
10/26/2011,61.25,61.5,59.25,61.25,93774
10/27/2011,61.25,61.25,59,60,122351
10/28/2011,60,61.5,59,61.5,237053
10/31/2011,61.25,63,60.75,63,270518
11/1/2011,62,64.5,62,63.75,434009
11/2/2011,63.25,67.5,63,67.5,840479
11/3/2011,67,75.75,65,75,1152436
11/4/2011,71.75,75.75,71.5,75,562035
11/7/2011,75,75,71.25,71.75,200275
11/8/2011,72.25,72.75,71,71.25,115188
11/9/2011,72,72,67.25,69.75,132467
11/10/2011,69,70.75,67.25,67.25,68928
11/11/2011,67.25,69.5,67.25,69.5,83306
11/14/2011,69.5,71.25,62.5,68,397549
11/15/2011,66.25,69.5,63.75,66.5,149225
11/16/2011,65,67.25,61.5,64.25,178977
11/17/2011,62.25,62.75,59.5,62.5,197531
11/18/2011,62.5,64.75,60.25,62.5,144880
11/21/2011,61.25,62.5,57.5,61,446488
11/22/2011,60.25,62.5,59.75,61.5,202818
11/23/2011,61.5,67.25,61.25,65,275813
11/25/2011,65,72.5,65,72,234271
11/28/2011,70.5,73,69.25,70.75,385037
11/29/2011,69.25,69.5,64,67.75,321447
11/30/2011,68.5,74.5,68.25,73.75,862346
12/1/2011,73.75,82.75,73.75,81.5,1184150
12/2/2011,83,86.25,81.75,84.5,1109872
12/5/2011,83,86.25,81.75,84.5,1109872
12/6/2011,83,86.25,81.75,84.5,1109872
12/7/2011,83,86.25,81.75,84.5,1109872
12/8/2011,83,86.25,81.75,84.5,1109872
12/9/2011,83,86.25,81.75,84.5,1109872
12/12/2011,83,86.25,81.75,84.5,1109872
12/13/2011,82.5,84,76.25,79,561283
12/14/2011,78,79.75,75,77,445671
12/15/2011,77.5,79.29,73.75,75.5,394840
12/16/2011,74.5,75,68.75,70.25,882844
12/19/2011,70.25,70.25,64.5,64.62,379629
12/20/2011,65,70,62.25,69.25,377478
12/21/2011,68.75,68.75,64.75,67.5,362034
12/22/2011,68.5,68.5,62.5,66.25,387178
12/23/2011,66.25,68.75,64.5,68,296969
12/27/2011,66.5,74.75,66.5,70,715398
12/28/2011,71.75,73.25,67.75,67.75,219262
12/29/2011,70,70.5,66.25,67.5,275086
12/30/2011,67.5,68.75,66.25,66.25,271586
1/3/2012,68.75,68.75,64.5,67.5,201273
1/4/2012,66.25,68.75,65,67,158398
1/5/2012,66.75,68.5,66.75,68.5,156522
1/6/2012,67.25,74.5,66.75,72.75,518604
1/9/2012,73,78.75,71.5,75,416087
1/10/2012,74.75,75,72.25,72.5,136755
1/11/2012,72.5,74.75,71.5,74.5,158243
1/12/2012,74,75,72.5,75,249318
1/13/2012,75,75,72,72.5,282072
1/17/2012,72.5,74,71.25,72,239185
1/18/2012,71,72.5,71,71.25,143648
1/19/2012,70.75,71.25,65,67.5,345560
1/20/2012,69.75,72.5,66.25,69.5,204288
1/23/2012,68.75,69,65.25,67.5,141583
1/24/2012,67.25,68.75,65,68.5,152528
1/25/2012,68.75,68.75,66.5,68.25,91864
1/26/2012,67.5,68.25,63.5,64.75,238451
1/27/2012,63.75,66.75,63.75,66.5,180355
1/30/2012,65.5,66.75,63.75,64.25,278349
1/31/2012,64.5,65,63.75,64.5,136650
2/1/2012,63.75,68.75,63.75,67.25,580778
2/2/2012,65.5,66.75,62.5,65.17,194558
2/3/2012,65,66.25,63.75,65,145267
2/6/2012,65,65,63,64.25,129347
2/7/2012,62.5,63.75,59.75,60.75,341553
2/8/2012,61.25,62.18,58.5,60,482065
2/9/2012,59.75,64,56.75,61.25,433185
2/10/2012,62.5,65.5,60,61.75,327848
2/13/2012,63.75,63.75,60.25,62.5,272734
2/14/2012,61.5,65,60.5,64.75,164512
2/15/2012,65,65.5,61.75,62.3,234833
2/16/2012,62,62.5,60,62.5,322833
2/17/2012,63,63,60.25,62.5,64004
2/21/2012,62.25,62.25,60,61.5,134273
2/22/2012,60.25,60.58,57.75,60,270044
2/23/2012,57.5,60,52.5,52.5,685564
2/24/2012,52.75,60,52.5,57,853884
2/27/2012,57,58.75,55.5,56,138157
2/28/2012,57,58,52.5,54.98,269647
2/29/2012,53.75,54.85,50,53.5,373499
3/1/2012,53.75,56.25,52,56.25,231247
3/2/2012,56.75,56.75,52.55,55,227276
3/5/2012,55.25,56,52,53,242942
3/6/2012,52.5,54,50,50.5,372858
3/7/2012,53.25,56.75,52.28,56.5,948587
3/8/2012,57,60.25,57,59,885439
3/9/2012,59.75,60,57.5,59.75,320072
3/12/2012,61.5,61.5,56.73,59.5,431840
3/13/2012,61.25,61.25,56.5,59.75,309555
3/14/2012,61,61,55,59,356208
3/15/2012,59.5,59.5,56.5,58.75,191869
3/16/2012,57,57.5,55,57.5,478951
3/19/2012,57.5,58,56.5,57.25,259506
3/20/2012,57.25,57.5,56.25,56.25,139179
3/21/2012,56.5,57.5,55.5,55.75,209417
3/22/2012,55.75,58.25,53.75,55,262295
3/23/2012,55,55.75,53.5,55,200872
3/26/2012,56,56,52.5,54.75,244776
3/27/2012,54,57.5,53.5,56.5,357367
3/28/2012,57.5,57.5,53.75,56,224100
3/29/2012,56.25,56.75,54,56.75,124959
3/30/2012,55.25,56.25,55,56.25,125380
4/2/2012,56.25,57.5,53.25,54.5,243782
4/3/2012,57.25,60,55,58.75,709864
4/4/2012,58.25,58.25,55.75,57.5,189192
4/5/2012,56.25,57,55.25,56.25,171515
4/9/2012,57.25,57.25,52.75,53.75,308028
4/10/2012,55,55,51.75,53.25,239622
4/11/2012,52.5,53.25,52,53.25,165859
4/12/2012,53,53,51,51.75,172565
4/13/2012,50.5,51.25,45,47.5,817765
4/16/2012,46.25,47.01,35.25,42.5,1175884
4/17/2012,42.5,48.75,42.25,48,459864
4/18/2012,48,48.75,45.75,48.75,215773
4/19/2012,46.25,50,45,48.25,178063
4/20/2012,50,53.75,48.75,52.25,314072
4/23/2012,51.75,55.5,50,55.5,436403
4/24/2012,55.75,56.25,53.75,55,222266
4/25/2012,55,55.75,51.5,53.25,186056
4/26/2012,52.25,52.5,48.17,52.25,303836
4/27/2012,51.5,53.63,49.25,52.5,123947
4/30/2012,54,54,50.75,50.77,141456
5/1/2012,50,51.25,48.75,50.25,138255
5/2/2012,49.5,51,48.78,50.5,120687
5/3/2012,50.5,50.5,47.5,47.5,219672
5/4/2012,47.5,49.5,46.25,47.5,189740
5/7/2012,46.75,47.5,44.5,45.75,185545
5/8/2012,44.5,48.25,42.5,48.25,267387
5/9/2012,48.5,50,46.75,47.75,142700
5/10/2012,48.5,49.25,45.5,48.5,226692
5/11/2012,47.25,53.75,47.25,51.25,266103
5/14/2012,51.25,51.75,49.75,51.38,137826
5/15/2012,52.25,52.25,46.75,46.75,105535
5/16/2012,48,50.75,48,49.25,353858
5/17/2012,48.5,50,46.5,50,430463
5/18/2012,49.5,50,46.5,50,176873
5/21/2012,49.5,49.5,47.25,48.75,298464
5/22/2012,48.5,48.75,47,48.75,291235
5/23/2012,48.75,48.75,46.75,48.75,195508
5/24/2012,48.75,48.75,45,48.75,216858
5/25/2012,48.75,48.75,46.25,47.5,146053
5/29/2012,47.5,47.5,44.75,47.5,204558
5/30/2012,46.25,46.25,40,43.5,741234
5/31/2012,44.25,56.25,41.25,56.25,3561050
6/1/2012,48.5,50,46.25,50,460859
6/4/2012,48.75,50,47,50,203118
6/5/2012,48.5,51.25,48.5,51,398146
6/6/2012,50.75,52.75,49.51,52,283272
6/7/2012,51,52.5,48.75,52.5,265156
6/8/2012,50.5,52.25,49.25,49.75,505900
6/11/2012,49.5,49.75,45,45.25,421820
6/12/2012,45.25,48.25,45,45.5,137854
6/13/2012,45.5,47,45.5,45.5,153980
6/14/2012,46.75,48,43.75,48,195507
6/15/2012,45.5,47.25,44.5,44.5,276266
6/18/2012,45.5,46.25,42.75,43.5,324510
6/19/2012,44.75,45.75,42.5,42.75,324885
6/20/2012,44,45.75,42.5,45.75,140199
6/21/2012,44.5,44.5,42.25,42.25,259779
6/22/2012,41.5,45,36.5,36.5,658168
6/25/2012,38,40.75,38,40.5,227747
6/26/2012,42,42,38.25,39.25,358407
6/27/2012,40,43,38.75,42.5,161327
6/28/2012,41.75,42.25,39.25,41.25,90376
6/29/2012,42.5,43.5,41.5,42,125705
7/2/2012,42.75,44.25,41.5,43.75,254481
7/3/2012,43.75,46.25,43.5,46.25,77384
7/5/2012,46.25,46.5,42.5,46.25,227908
7/6/2012,46.5,47.25,44.5,46.25,228173
7/9/2012,45.5,46,41.75,43,265473
7/10/2012,43.75,45,42,43.25,147199
7/11/2012,45.5,46.5,44.5,46,145857
7/12/2012,46,46,42.5,42.75,106931
7/13/2012,42.5,44.25,40.5,41,297339
7/16/2012,40.25,41.73,39.53,39.75,250352
7/17/2012,39,39.75,38.75,39,111042
7/18/2012,39,39.5,38.5,38.5,151048
7/19/2012,38.25,38.5,36.5,37,323797
7/20/2012,36.5,37,30.25,31.25,606145
7/23/2012,31.25,35.5,30.75,34.5,269787
7/24/2012,34.5,34.5,32.5,32.75,118383
7/25/2012,32.75,34.5,29.5,30.75,338175
7/26/2012,33.5,33.5,23.75,28.5,593539
7/27/2012,30,33.75,27.75,33.75,373262
7/30/2012,35,35,31.25,33.25,117031
7/31/2012,34.5,36.5,33,35,204086
8/1/2012,36,41.03,35.5,36.25,251715
8/2/2012,36.25,36.25,31.5,33,137058
8/3/2012,33,34.5,32.25,34.25,183759
8/6/2012,33.75,36.5,33.25,34.25,183547
8/7/2012,33.75,36,33.05,35,146661
8/8/2012,35,35,32.75,35,60598
8/9/2012,34.75,34.75,32.5,34,79735
8/10/2012,32,33.75,30.75,33.75,172327
8/13/2012,31.5,32.5,30,31,81956
8/14/2012,32,33,30,32.25,60198
8/15/2012,32.25,33,30,33,74911
8/16/2012,32.5,32.5,30.5,31,66770
8/17/2012,32,32.25,30.5,32.25,43339
8/20/2012,32,32,29.75,31,182970
8/21/2012,30.75,31,29.25,30.25,92684
8/22/2012,29.75,30.25,28.75,29.75,53842
8/23/2012,29,29.63,28.5,29,127775
8/24/2012,28.5,30.5,28.5,29.5,61072
8/27/2012,29.5,29.75,27.5,28.75,90801
8/28/2012,30.75,30.75,28.5,30.5,112892
8/29/2012,30.5,30.5,29,29.25,34583
8/30/2012,29.25,30.25,28.75,30,51886
8/31/2012,30,32.5,29.25,32,703480
9/4/2012,32.25,33.75,31,33.75,215407
9/5/2012,33.75,34.25,31.75,32.75,101290
9/6/2012,33.75,33.75,31.75,33,140048
9/7/2012,32.5,33,30.25,30.25,115691
9/10/2012,29,31.75,29,31,170915
9/11/2012,31.5,32,30.5,31.5,75540
9/12/2012,31.25,31.75,30.5,31.5,55784
9/13/2012,31.25,34.75,30.53,33.75,278692
9/14/2012,34,35,32,33.5,151736
9/17/2012,33,33,31.5,32.75,126557
9/18/2012,32.25,34.5,32.25,34.5,325976
9/19/2012,34.5,35.5,32.75,35,215501
9/20/2012,32.5,33.75,31.25,32.49,344345
9/21/2012,32.5,34.75,31.75,34.75,122003
9/24/2012,38.25,39.5,33.75,34.5,131130
9/25/2012,34.25,35.25,32.75,33,89347
9/26/2012,32.5,34.75,32.25,34.75,35271
9/27/2012,34,34.25,33.25,33.25,139328
9/28/2012,33.75,34.75,33.75,34.5,91164
10/1/2012,34.5,37.5,32.5,36.75,216710
10/2/2012,36.75,37.25,35.65,37.25,87938
10/3/2012,37.25,39.25,36.65,38,157612
10/4/2012,38.5,38.75,36,38.75,323439
10/5/2012,38,38.5,36.75,37.75,158928
10/8/2012,37.25,37.35,35.75,36,65153
10/9/2012,36,37,34.5,35.75,80928
10/10/2012,35.25,35.25,32,32.25,148337
10/11/2012,32,33.25,32,32.75,56138
10/12/2012,33.5,35.25,33.25,33.25,52360
10/15/2012,33,33.13,31.25,31.5,55414
10/16/2012,31.5,32.5,30.25,31.75,278576
10/17/2012,31.5,33.25,30,30.25,81465
10/18/2012,30.25,30.75,30,30.5,34179
10/19/2012,30.25,35.25,30,35.25,91909
10/22/2012,35.5,36.75,30,31.75,181228
10/23/2012,30.5,31,27.5,29.5,133099
10/24/2012,29.75,32.5,28.75,30.5,44213
10/25/2012,30.5,30.5,27.5,28.75,260585
10/26/2012,29.75,30.25,27.25,27.5,168030
10/31/2012,26.75,27.5,25,27.5,244675
11/1/2012,27.5,27.5,25.5,27,75191
11/2/2012,27,27.25,26.25,27.25,132917
11/5/2012,26.25,28.5,25.75,27.5,141839
11/6/2012,27,27,25.5,25.63,132180
11/7/2012,25.75,26.25,24.25,26.25,522963
11/8/2012,27,27,19.75,22.75,586295
11/9/2012,22.5,23.6,21.75,22.5,369762
11/12/2012,19.25,23.75,19.25,22.74,208639
11/13/2012,21.75,23.5,21.25,23.25,173702
11/14/2012,25,25,22.75,22.75,178730
11/15/2012,23,25,22.5,25,99984
11/16/2012,25,28.75,24,28.5,195810
11/19/2012,27,28,25,27.75,95538
11/20/2012,28.25,28.5,26.03,27.25,67401
11/21/2012,23,28.25,23,28.25,52849
11/23/2012,28.25,28.25,26.25,28,36534
11/26/2012,27,27.75,26.25,27.75,214258
11/27/2012,27.5,27.5,25.75,26.5,208118
11/28/2012,27,27,25.25,26.5,123585
11/29/2012,26.5,26.5,25,26.25,80099
11/30/2012,26.25,29.5,25,29.5,1072665
12/3/2012,28.75,30.5,26.25,30.5,325338
12/4/2012,30.5,31,28.5,30,191635
12/5/2012,29.5,31.63,29.25,30.75,200775
12/6/2012,30.75,31.5,29.75,31.5,183847
12/7/2012,31.25,32.5,29.25,32.5,307652
12/10/2012,32.5,32.5,29.5,31.25,265159
12/11/2012,30.5,31,28.75,29.25,152495
12/12/2012,29.75,30.25,27.75,30.25,126498
12/13/2012,29.75,30.75,28.75,29,116592
12/14/2012,29.5,30.5,28.75,30.5,64666
12/17/2012,31.25,32.5,31,31.5,134686
12/18/2012,31.25,32.5,28.75,31.5,175682
12/19/2012,31.5,31.5,26.75,29.25,233809
12/20/2012,29.25,29.25,25.5,27.5,198070
12/21/2012,27.25,27.25,25.25,25.5,158143
12/24/2012,25,26.75,25,26.75,92218
12/26/2012,25,27.5,25,27.5,200594
12/27/2012,27,31,25.25,26.75,173650
12/28/2012,27,27,25.25,25.5,91009
12/31/2012,25.5,26.25,25,25,214133
1/2/2013,26,26.5,23,23,411534
1/3/2013,23,23.9,23,23.5,111578
1/4/2013,24.25,24.75,24,24.25,277027
1/7/2013,24.5,25,24,24.25,162562
1/8/2013,25,25,24,24.75,36550
1/9/2013,24.25,25,24.25,25,28698
1/10/2013,25,25,24.25,24.5,149637
1/11/2013,25,25.25,24.25,25,158937
1/14/2013,25,26.23,24.5,25.7,250089
1/15/2013,25.75,30.75,25.75,28.75,489719
1/16/2013,28.75,28.75,27.5,27.5,214759
1/17/2013,28.5,30.75,28.48,30,636040
1/18/2013,30.25,30.25,28.75,29.5,171530
1/22/2013,29.75,30.25,27.75,28.75,107485
1/23/2013,28.25,33,28.25,29,972318
1/24/2013,29,32.5,29,31.66,451401
1/25/2013,31.25,34,30.63,33,357438
1/28/2013,33.5,34.5,31.5,33.75,441863
1/29/2013,35,35,31.75,33.5,203937
1/30/2013,33,34.5,32,33.5,239078
1/31/2013,34,34.25,31.75,32.5,81186
2/1/2013,32.75,33.5,32.25,33.25,133220
2/4/2013,32.75,32.75,31,32,120059
2/5/2013,31.75,32.5,28.75,30.25,229604
2/6/2013,30,32.75,29.76,31.75,389881
2/7/2013,31.75,33.5,31.75,32.5,139747
2/8/2013,33,34.45,32.5,33,125820
2/11/2013,33,34.25,33,34.13,66965
2/12/2013,33.5,34,33.25,33.5,41692
2/13/2013,34,37.5,33.75,37,553381
2/14/2013,36.75,42,36.25,38.75,569677
2/15/2013,39.25,39.5,37.5,39.5,101160
2/19/2013,38,40,38,39,83267
2/20/2013,39.75,39.75,38,38.75,88171
2/21/2013,38.25,38.75,34,34,444736
2/22/2013,34.5,36.5,31.25,31.73,294831
2/25/2013,32,32,30.25,31.13,182679
2/26/2013,31.5,32,30.5,31.5,96505
2/27/2013,31.75,33.25,31,32.75,98989
2/28/2013,32.75,32.75,30,30,87256
3/1/2013,30.25,30.25,28.5,30,256025
3/4/2013,30,33.25,30,31.75,119980
3/5/2013,31.5,31.75,29.75,31,30008
3/6/2013,36.5,32.5,30.5,32,237284
3/7/2013,31,33.25,30.75,33.25,269585
3/8/2013,33.25,33.75,30.75,32.75,266538
3/11/2013,33.25,33.75,30.5,33,255801
3/12/2013,32,32.5,30.5,31.75,169057
3/13/2013,31.5,31.75,30.5,30.5,80610
3/14/2013,31.25,31.25,27.75,30.5,183000
3/15/2013,30.25,30.75,27.75,28.25,291892
3/18/2013,28.75,29.75,27.75,29.25,174924
3/19/2013,29.75,30,28.25,29.75,62790
3/20/2013,29.25,30,27.5,28.25,102953
3/21/2013,27.25,27.75,24.75,25,363990
3/22/2013,25.5,26.75,25,26.75,226347
3/25/2013,26.75,28,26.75,27.75,106628
3/26/2013,28.5,28.75,27.75,28.75,76935
3/27/2013,28.5,29.25,27.5,28.5,91246
3/28/2013,28.75,30.75,27.75,30.5,272924
4/1/2013,30.75,30.75,29,29.5,161501
4/2/2013,28.25,29.5,27.25,28.5,331858
4/3/2013,28.5,28.75,25.25,28,506895
4/4/2013,28,28,23,23.25,555089
4/5/2013,24.75,25.75,22.75,22.75,396595
4/8/2013,24.25,25.25,22.81,23.13,70875
4/9/2013,24.25,25.25,23.79,24.5,144421
4/10/2013,27.25,27.25,25,25.5,186736
4/11/2013,25.75,26.25,23.75,24.25,337268
4/12/2013,24,29.75,23.75,29.75,609115
4/15/2013,30,30,26,26.75,299039
4/16/2013,27.5,28.25,26.5,26.75,150331
4/17/2013,26.25,30,26.25,29.75,616182
4/18/2013,29.5,29.75,27.25,29.25,144265
4/19/2013,28.75,29.5,27.5,28.13,162450
4/22/2013,28.75,29.38,27.25,28,129140
4/23/2013,28,28,26.25,26.62,149807
4/24/2013,28.25,28.25,26,26.75,181408
4/25/2013,27.5,27.75,26.25,27,100559
4/26/2013,27.5,28,27.5,27.75,68121
4/29/2013,27.5,29.5,27.5,29.25,63339
4/30/2013,29.25,29.5,28,29,59413
5/1/2013,28.75,29.25,27.63,29,191391
5/2/2013,28.5,28.75,27.75,28.5,89666
5/3/2013,28.25,28.5,27.5,28.5,104516
5/6/2013,29,29.5,27.75,29.5,229704
5/7/2013,28.5,29,27.5,28.75,148874
5/8/2013,28.5,29.75,28.5,29.5,55995
5/9/2013,29.75,30,28.25,29,300817
5/10/2013,29.5,29.75,27,28.75,306279
5/13/2013,27.75,28.75,26.5,27.25,235325
5/14/2013,27,27.75,25.78,26.5,339118
5/15/2013,26.5,26.75,25.5,25.75,200953
5/16/2013,26,26.5,25.5,25.75,220837
5/17/2013,25,25.75,24.35,25,247957
5/20/2013,24.75,25,24.63,24.75,125888
5/21/2013,24.5,24.75,23.75,23.75,291782
5/22/2013,24.75,27.25,23.75,26.5,332446
5/23/2013,26.5,27,25.25,27,219603
5/24/2013,23.75,25,21.25,22.5,1091720
5/28/2013,22.5,23.5,21.25,21.25,400949
5/29/2013,23.75,23.75,18.76,20.25,433329
5/30/2013,20,20.25,18.83,18.88,358107
5/31/2013,22.25,22.25,18.5,18.5,879721
6/3/2013,19.25,22.5,17.5,18.75,1676372
6/4/2013,21.25,21.75,18,18.76,1336211
6/5/2013,18.25,18.95,18,18.14,247660
6/6/2013,18.5,18.95,15.25,15.98,1376998
6/7/2013,17.5,17.5,15.75,17.24,694190
6/10/2013,17.5,18,17.25,17.5,396526
6/11/2013,18.5,18.5,17.25,17.75,393230
6/12/2013,18.25,18.25,17.25,18,231896
6/13/2013,17.5,17.75,17.25,17.68,297669
6/14/2013,18.19,21.2,18,18.25,989237
6/17/2013,18.25,18.25,16.72,17,387384
6/18/2013,16.75,17.25,16.25,16.5,341214
6/19/2013,16.5,16.99,14.5,14.86,483377
6/20/2013,15,15.73,14.5,15.5,411820
6/21/2013,17,17,15,15,281693
6/24/2013,16.75,17,15,15.63,350632
6/25/2013,16.75,17.5,15.75,17.05,636270
6/26/2013,16.98,17,16.25,16.38,295020
6/27/2013,16.25,16.25,15,15.11,154538
6/28/2013,15,15.25,14.5,14.65,253094
7/1/2013,16,16,14.75,15.38,168677
7/2/2013,15.75,16,15.25,15.51,153304
7/3/2013,15.76,16.13,15.5,16,195955
7/5/2013,16.25,16.5,15.6,15.75,156528
7/8/2013,15.5,15.5,14.75,15,204339
7/9/2013,15,15.2,13.83,14,378367
7/10/2013,14.25,15,14.25,14.75,146932
7/11/2013,14.75,18,14.75,16.99,569277
7/12/2013,16.25,18.5,16.25,17.75,676748
7/15/2013,18.5,18.5,17.6,18.5,140419
7/16/2013,18.38,20.38,18,19.75,548905
7/17/2013,19.75,21,19.25,20.5,176391
7/18/2013,21,21.63,20.34,20.5,631211
7/19/2013,20.68,21,20,20.5,235644
7/22/2013,21,21.5,20.5,21.5,227652
7/23/2013,22,22.25,20.63,21.13,365768
7/24/2013,21.25,22,20.78,21.25,287367
7/25/2013,21.25,21.5,20.18,20.75,199302
7/26/2013,20.75,21.38,20,20,159476
7/29/2013,21,21.25,20.26,20.85,153906
7/30/2013,20.75,21.5,20.5,20.94,130799
7/31/2013,20.75,22.38,20.5,20.75,872105
8/1/2013,21.25,21.38,20.66,21.25,334804
8/2/2013,21.75,21.99,21,21.25,306873
8/5/2013,21.25,21.5,20.75,21,238285
8/6/2013,21.5,21.71,21.12,21.18,254992
8/7/2013,21.25,21.5,20.75,21,135205
8/8/2013,20.55,20.55,18.82,19.75,386919
8/9/2013,20.5,20.72,18.99,19.91,368809
8/12/2013,20.5,20.75,19.5,20,175071
8/13/2013,21.75,21.75,20,20.25,643181
8/14/2013,21.5,21.85,20.29,20.68,810858
8/15/2013,20.5,20.75,19.13,19.13,584998
8/16/2013,20,20,19.34,19.52,164225
8/19/2013,19.68,19.75,18.88,18.88,224001
8/20/2013,19,19.98,18.75,19.7,186442
8/21/2013,19.5,19.5,18.75,18.75,89627
8/22/2013,19,19.2,18.75,18.76,141381
8/23/2013,19,19.75,18.75,19,198793
8/26/2013,18.81,19.22,17.5,17.5,443578
8/27/2013,17.5,18.25,17.5,18.24,176287
8/28/2013,18,18.13,18,18,90070
8/29/2013,18,18,17.5,17.74,173505
8/30/2013,17.5,18.13,17,17,163346
9/3/2013,17,17.5,16.87,17.2,68567
9/4/2013,17,17,16.25,16.38,344066
9/5/2013,16.31,16.31,15.58,16.08,295522
9/6/2013,16.25,16.7,15.75,16.7,192018
9/9/2013,16.25,16.81,16.25,16.75,90788
9/10/2013,17,17.75,17,17.15,427295
9/11/2013,18.13,18.13,16.75,17,180277
9/12/2013,17.73,17.73,16.63,17,112645
9/13/2013,18.25,18.25,16.82,17.25,177130
9/16/2013,17.5,19.75,17,18.95,370330
9/17/2013,19.5,19.5,16.83,17.04,111153
9/18/2013,18,18.75,17.27,18.75,121994
9/19/2013,19,19.5,17.75,18.25,98043
9/20/2013,18.25,19.5,17.86,19.5,98154
9/23/2013,19.5,19.5,17.25,17.63,368315
9/24/2013,17.63,17.63,16.75,17.25,205823
9/25/2013,17,17.25,16.58,16.77,160153
9/26/2013,17,17.75,16.79,16.88,172639
9/27/2013,16.95,17.75,16.58,17.75,190368
9/30/2013,17.5,17.5,16.59,16.75,74024
10/1/2013,17,17.75,16.57,17.5,205483
10/2/2013,17.5,17.5,16.75,16.98,111994
10/3/2013,16.75,17.5,16.75,17.25,96344
10/4/2013,17.47,17.47,16.75,17.12,133916
10/7/2013,16.75,17.75,16.75,17.75,136788
10/8/2013,17.75,17.75,16.58,16.77,145754
10/9/2013,17,17,16.33,16.4,121348
10/10/2013,16.5,17.65,16.34,17.65,70971
10/11/2013,17.63,17.63,16.75,17.5,77776
10/14/2013,17.05,17.47,16.27,16.4,207238
10/15/2013,16.75,16.75,16.25,16.43,237515
10/16/2013,16.5,16.73,16.25,16.5,42150
10/17/2013,16.5,17,16.42,16.56,135620
10/18/2013,16.75,16.75,16.26,16.5,67864
10/21/2013,16.29,16.75,15.5,15.75,336671
10/22/2013,16,16.25,14.52,14.75,455978
10/23/2013,13.75,14.5,13.25,14.44,564049
10/24/2013,14.25,15.25,14.25,15.13,302852
10/25/2013,15,15.5,14.63,14.75,105884
10/28/2013,14.75,15.25,14.5,14.5,230159
10/29/2013,14.75,15.75,14.57,15.5,239989
10/30/2013,15,16,14.76,15.84,211970
10/31/2013,15.75,15.81,15.05,15.25,68069
11/1/2013,15.5,16.13,15.13,15.75,225306
11/4/2013,15.75,16.25,15.5,15.57,285025
11/5/2013,15.5,17.88,15.5,17.87,890218
11/6/2013,18,19.13,17.26,19.1,1007628
11/7/2013,19.25,20.25,18.48,18.75,428883
11/8/2013,18.5,20.42,17.83,20.03,1089019
11/11/2013,20,21.46,19.75,21,1055569
11/12/2013,21.25,24.44,21.23,23.5,1164160
11/13/2013,23.75,25.25,21.75,23.5,1038817
11/14/2013,23.5,23.7,22,22.25,506725
11/15/2013,22.25,22.35,21.25,22,420898
11/18/2013,22,22.25,21.12,21.4,380680
11/19/2013,21,21.25,20,20.31,486271
11/20/2013,20.25,20.5,19.26,20.38,288027
11/21/2013,20,21.75,19.75,21.38,258179
11/22/2013,21.5,24.25,20.5,21.25,528751
11/25/2013,21.5,23,21.5,22.5,378515
11/26/2013,22.5,26.75,22.5,26,2709600
11/27/2013,26.75,28.5,23,23.75,3064458
11/29/2013,23.75,25,23.01,24.75,276547
12/2/2013,24.75,25,23.25,23.25,458408
12/3/2013,23.25,24,22.75,22.75,247972
12/4/2013,23.25,23.67,22.53,23.5,238437
12/5/2013,24,26.75,23.5,26.5,1156313
12/6/2013,26.5,29.5,25.25,29.5,2179643
12/9/2013,30.5,31.25,28,31.25,1583991
12/10/2013,30,32.5,29.75,32.25,1150379
12/11/2013,32.5,33.5,31.25,32.25,918418
12/12/2013,32.25,33,30.25,30.25,768637
12/13/2013,35,35,31.25,32.25,900331
12/16/2013,32.25,32.25,30,30,674902
12/17/2013,31.25,31.25,28.75,28.75,421658
12/18/2013,29.5,29.5,27,27.5,585992
12/19/2013,27.25,29.5,27,27.75,393068
12/20/2013,28,31,27.75,31,594458
12/23/2013,30.5,31.25,29.25,31.25,386240
12/24/2013,31.25,31.25,30.25,30.75,108013
12/26/2013,30.25,32.25,30,32.25,262864
12/27/2013,32.5,32.5,31.25,31.5,372972
12/30/2013,30,32.25,28.75,32.25,587045
12/31/2013,29.75,31,29,30.75,506753
1/2/2014,30,32,29.5,32,193046
1/3/2014,30.75,31.5,30,30.63,99438
1/6/2014,32,34.75,31.25,34.5,1387494
1/7/2014,33.75,37.5,33.75,37.25,1380368
1/8/2014,37.5,38.75,35,38.5,862001
1/9/2014,39,39.5,37,38.25,693638
1/10/2014,37.75,39,36.5,36.75,586236
1/13/2014,36.25,38,34.75,37.25,731771
1/14/2014,37.5,38,36.75,37.5,266788
1/15/2014,37.5,38.5,37.5,38,411461
1/16/2014,38,38,36.75,37.5,247291
1/17/2014,36.75,38,36.5,37.75,296693
1/21/2014,37.75,40.75,37.5,39.75,1001108
1/22/2014,39.75,44.5,39.5,44.25,1213949
1/23/2014,42.5,44.75,41.25,42.25,964102
1/24/2014,42,43.75,40,40.5,544578
1/27/2014,39.5,40.75,37.5,38.75,584410
1/28/2014,38.75,39.5,37.75,39.5,437221
1/29/2014,40,42,38.07,40.25,652992
1/30/2014,40.25,40.25,38,38.75,315031
1/31/2014,38,38.75,36.75,37.75,452258
2/3/2014,36.5,37.75,34,35,808951
2/4/2014,35.5,36.25,33.25,34.5,471960
2/5/2014,34.75,35,33.25,34,359364
2/6/2014,34,36.75,34,34.5,276581
2/7/2014,35.25,37.25,34.75,35.75,209221
2/10/2014,36.25,36.5,34,34.5,220423
2/11/2014,34.5,35.25,32,33.75,647614
2/12/2014,33.5,33.75,28,31.5,538957
2/13/2014,31.25,31.55,29.25,31,592811
2/14/2014,31.5,32.5,30.25,31.25,336968
2/18/2014,31.25,33.06,31.25,32.75,313075
2/19/2014,32.5,32.75,32,32.75,140766
2/20/2014,32.25,32.25,31.25,32,213440
2/21/2014,31,31.75,31,31.75,162048
2/24/2014,32.25,32.25,30,30.5,589659
2/25/2014,31.75,33.5,30,33.25,912068
2/26/2014,33.25,34.25,32.25,34,880283
2/27/2014,34.25,34.25,32.25,33,438403
2/28/2014,33.75,34,31.5,31.75,390914
3/3/2014,31.25,31.75,31.25,31.25,270378
3/4/2014,31.75,32.5,30.75,32.5,316315
3/5/2014,32.5,33.5,31.75,33.25,225910
3/6/2014,33.25,39,32.75,37.5,1104976
3/7/2014,37,38.75,35.75,36.75,966002
3/10/2014,38.75,38.75,35.25,35.5,482573
3/11/2014,36.25,36.25,34.25,34.75,304930
3/12/2014,33.75,34.25,32.75,34,420429
3/13/2014,34,34.75,31.25,31.5,478109
3/14/2014,32,33,31.5,32.5,464023
3/17/2014,33,35,32.5,34,570644
3/18/2014,34.25,34.32,25,29.5,2104100
3/19/2014,31.25,31.25,28.25,28.5,501030
3/20/2014,28,28.75,27.25,27.5,566614
3/21/2014,27.5,28.5,26.5,28.5,458650
3/24/2014,28.5,28.75,25.75,27.25,479058
3/25/2014,27,28,25.25,27.75,494729
3/26/2014,29.75,34,28,33,2738983
3/27/2014,32.75,33.25,28.13,29.75,1167451
3/28/2014,30,30,28.25,28.5,271657
3/31/2014,29.5,29.5,26.5,26.5,351156
4/1/2014,28,29,26.25,28.25,309614
4/2/2014,28.25,28.75,26.5,27,335911
4/3/2014,27.5,28,26.25,27.75,410012
4/4/2014,27.75,27.75,25.5,25.75,456380
4/7/2014,25.5,27,25.5,25.75,178931
4/8/2014,25.75,26.5,25.5,26.5,167738
4/9/2014,26,26.5,25.5,26.5,185604
4/10/2014,26,27.25,25,27,587018
4/11/2014,26,26.5,24.25,24.75,311232
4/14/2014,24.25,24.5,22.5,23.21,863211
4/15/2014,23.5,23.5,21.25,22,487430
4/16/2014,21.25,22.5,20.33,22,325167
4/17/2014,22.5,24.75,22,24.75,323801
4/21/2014,26,26,23.75,26,389998
4/22/2014,26,27.25,25.98,27.25,524886
4/23/2014,27.25,27.26,26,26.25,132544
4/24/2014,26,26.5,25.5,26.5,185699
4/25/2014,26.75,27,25.25,26.75,151704
4/28/2014,27.5,27.5,25.25,25.25,126824
4/29/2014,26.75,27.23,25.5,27,129670
4/30/2014,27,27.25,26,26.75,250535
5/1/2014,26.5,27,25.75,26.75,151666
5/2/2014,26.75,26.75,26.25,26.75,95663
5/5/2014,26.25,27,25.5,25.5,119013
5/6/2014,25.5,26.75,25.5,26,103277
5/7/2014,26.73,27.5,25.75,26.25,327183
5/8/2014,27.25,27.5,26,26.25,232370
5/9/2014,26.25,26.5,25,26.5,204444
5/12/2014,27.25,27.25,25.75,26.25,201911
5/13/2014,26.75,28.75,26,27.5,930629
5/14/2014,28,28,26.5,26.75,196898
5/15/2014,27.25,27.5,25.75,25.75,287637
5/16/2014,25.75,26.08,24.77,25.75,388167
5/19/2014,25,25.5,23.75,24.03,418754
5/20/2014,23.5,24,22.5,22.5,412211
5/21/2014,22.5,24.77,22.25,24.25,368294
5/22/2014,24.38,24.44,22.75,23.72,231299
5/23/2014,24,24,23.02,23.25,202850
5/27/2014,22.75,23,21.25,21.3,951961
5/28/2014,21.25,22.5,17.84,20.25,2047049
5/29/2014,19.75,21.45,19.3,20.75,602719
5/30/2014,20.5,22.75,20.5,22.75,263213
6/2/2014,22,23,22,22.38,146401
6/3/2014,22.75,22.75,22,22.31,183771
6/4/2014,22.5,22.75,22,22,72436
6/5/2014,21.75,22,21.45,21.57,163872
6/6/2014,21.5,22.5,21.33,21.45,108690
6/9/2014,22.75,22.75,21.25,21.75,67300
6/10/2014,20.25,21.25,20.25,21,128487
6/11/2014,20.38,22,20.38,21.54,113285
6/12/2014,22.25,24.25,21.5,21.75,173347
6/13/2014,22.5,24.46,21.75,23,208622
6/16/2014,22.5,23.67,21.55,22.75,106226
6/17/2014,22.5,23.75,22.06,23.25,120277
6/18/2014,23.5,24.75,22.75,24.5,231557
6/19/2014,25,25,23.39,24.75,158339
6/20/2014,24.75,24.75,22.5,22.5,152339
6/23/2014,23.32,25,23.32,23.75,135138
6/24/2014,23.32,23.75,22.5,22.5,160011
6/25/2014,22.75,23.25,22.5,22.63,88283
6/26/2014,22.57,23.5,22.57,22.75,202369
6/27/2014,22.75,23.7,22.51,22.82,132690
6/30/2014,24,24,23,23.75,267211
7/1/2014,23.5,23.5,22.5,23.25,153777
7/2/2014,23.96,23.96,22.63,22.63,100509
7/3/2014,22.25,23.25,22.25,22.75,126925
7/7/2014,23.25,23.25,22,22.4,223879
7/8/2014,22.5,22.5,22,22.5,75142
7/9/2014,22.5,23,22,22.18,134098
7/10/2014,22,22.5,21.75,22.14,94887
7/11/2014,22.5,23.75,22.25,23.2,550321
7/14/2014,23.25,23.63,23,23.07,123577
7/15/2014,23.25,23.25,22.59,22.88,86174
7/16/2014,22.25,22.53,22,22.5,80208
7/17/2014,22.25,22.5,22.01,22.11,64598
7/18/2014,22,22.5,22,22.25,56446
7/21/2014,22.03,22.95,22,22.75,109553
7/22/2014,22,23.19,22,22.61,82865
7/23/2014,21.5,22.25,20.79,21.25,522751
7/24/2014,21.25,21.98,21.25,21.9,21269
7/25/2014,21.89,23.72,21.58,23,802481
7/28/2014,23.7,23.7,22.04,22.38,256967
7/29/2014,22.25,22.63,20.79,21.08,192800
7/30/2014,21,21.75,20.04,20.68,197737
7/31/2014,24.5,25.75,21.76,22.5,1928377
8/1/2014,21.75,22.5,21.25,21.65,250532
8/4/2014,21.75,22.94,21.75,21.8,64153
8/5/2014,21.55,22.75,21.55,22.25,249471
8/6/2014,23,23.25,21.75,22,126932
8/7/2014,22,23.25,22,22.87,238885
8/8/2014,22.54,23.24,22,23.08,244354
8/11/2014,22.75,23.25,22.28,22.5,88497
8/12/2014,22,22.75,21.55,22,288866
8/13/2014,22.25,22.75,21.79,22.25,165203
8/14/2014,22.03,22.75,21.79,22.5,76406
8/15/2014,22.25,22.5,21.75,21.93,204735
8/18/2014,22.25,23.25,21.81,23,206364
8/19/2014,22.5,22.75,22.06,22.53,102983
8/20/2014,22.53,22.72,22.25,22.34,90682
8/21/2014,22.47,23.38,22.25,22.78,372381
8/22/2014,23,23.25,22.29,22.56,105507
8/25/2014,22.75,23.63,22.5,23,253737
8/26/2014,22.75,23.5,22.75,23.25,151981
8/27/2014,23.71,25.75,23.25,24.75,1069839
8/28/2014,24.75,24.75,23.48,23.85,373002
8/29/2014,23.79,24.24,23.25,24,178877
9/2/2014,24,24.25,22.75,23.63,215187
9/3/2014,23.75,24.17,23.25,23.9,271886
9/4/2014,24.25,25,23.75,24,466629
9/5/2014,23.98,24.99,23.54,23.54,160054
9/8/2014,23.75,24.5,22.5,23.25,297633
9/9/2014,23.32,25.75,23.18,24.75,1176258
9/10/2014,24.75,29.25,24.25,28,2462205
9/11/2014,28.5,28.75,25.75,26.5,1015663
9/12/2014,26.5,28.75,26.5,27.75,753092
9/15/2014,28.75,30.75,27.5,30.5,2003086
9/16/2014,31,31,28,28,724501
9/17/2014,27.5,28.75,26.5,27.5,724968
9/18/2014,27,27.5,26,26,609075
9/19/2014,26,26.25,24.75,25.5,522036
9/22/2014,24.75,25.75,23.77,25.75,538566
9/23/2014,26,26,24,24.28,374966
9/24/2014,24.13,24.75,23,23.75,321524
9/25/2014,23.65,25.5,23.5,24.25,295988
9/26/2014,24.25,25,23.56,24.38,142779
9/29/2014,23.8,24.5,23.25,24.25,172720
9/30/2014,24.5,25.75,23.26,25.75,392192
10/1/2014,25.5,25.5,23.8,24.21,110858
10/2/2014,24,24,23.56,23.63,114133
10/3/2014,24,25,23.75,24,76115
10/6/2014,24.25,25,23,23.25,162374
10/7/2014,23.04,24.13,23.04,23.38,71344
10/8/2014,23.75,24.25,22.75,23.19,155146
10/9/2014,23.5,23.75,20,22.03,602951
10/10/2014,21.25,22,20.75,21.25,207133
10/13/2014,21.25,21.25,20.5,20.77,116818
10/14/2014,20.63,21.91,20.5,21.91,193941
10/15/2014,22.25,25,20.75,23.78,203505
10/16/2014,23.75,24.24,22.5,23.75,122520
10/17/2014,24.25,24.36,23.23,24.25,127467
10/20/2014,24.5,24.75,23.36,24.5,161513
10/21/2014,24.25,25,23,24.48,236609
10/22/2014,24,25.5,24,25,156079
10/23/2014,25,27,24.54,24.73,743565
10/24/2014,24,26,24,25.5,266568
10/27/2014,25.25,26.75,24.75,26,235390
10/28/2014,26.5,27.5,25.5,27.25,685542
10/29/2014,27,28.48,26.25,26.25,418257
10/30/2014,26.25,26.75,25,25.75,84869
10/31/2014,25.25,26.5,24.52,25.75,93316
11/3/2014,25.5,25.75,24.5,24.78,122452
11/4/2014,24.53,25,23.5,23.88,69771
11/5/2014,24,24.73,23,23.25,53841
11/6/2014,23.25,25,23.25,25,66333
11/7/2014,25.5,25.5,23.5,24.5,106508
11/10/2014,24.5,25,24.28,25,135585
11/11/2014,25.5,25.75,24,24.09,79536
11/12/2014,24,25,24,24.25,55270
11/13/2014,24,24,23,23.75,73882
11/14/2014,23.76,24.75,23.52,23.52,23906
11/17/2014,24.75,24.75,23,23.25,166322
11/18/2014,24.75,26.5,23.5,24.25,269314
11/19/2014,24.01,24.5,23.05,24,114058
11/20/2014,23.5,24,22,23.25,346388
11/21/2014,23.75,23.75,22.25,22.71,315885
11/24/2014,22.5,23.25,21.75,22.5,231539
11/25/2014,22.5,22.5,21.6,22.05,194077
11/26/2014,22,22.25,21.63,22,152147
11/28/2014,22.5,23,21.25,21.41,132853
12/1/2014,21.41,22.23,20.75,20.75,151169
12/2/2014,21.5,22.5,20.75,22.25,178913
12/3/2014,21.5,21.75,20.75,20.88,119667
12/4/2014,22,22,21,21,43356
12/5/2014,21.73,21.75,20.75,21.5,124012
12/8/2014,21.87,22,20.75,21.31,57148
12/9/2014,21.5,21.75,20.49,21.25,195551
12/10/2014,21.25,22,18,19.25,227127
12/11/2014,20,20.75,18.71,19.25,205458
12/12/2014,19.75,20.7,19.25,20,91249
12/15/2014,20,21.68,19.52,21.32,197869
12/16/2014,21.25,21.25,20,20.75,99606
12/17/2014,20.5,21.75,19.75,19.75,64690
12/18/2014,19.13,21,19.13,19.56,90327
12/19/2014,19.75,20.1,17.55,17.55,258256
12/22/2014,19,19.5,17.84,19.5,366632
12/23/2014,18.25,20.75,18.24,20.25,232384
12/24/2014,20.5,20.5,19.41,20,190602
12/26/2014,20.75,20.75,19.28,19.5,155491
12/29/2014,18.75,20,18.75,19.56,96158
12/30/2014,19.5,20.25,19.31,20.25,156364
12/31/2014,20,21,19.56,20.8,383433
1/2/2015,20.5,20.75,19.63,19.99,107898
1/5/2015,19.75,20.25,19.75,20.25,75799
1/6/2015,20.25,20.79,19.5,20.79,36599
1/7/2015,20,20.46,19.75,20,84716
1/8/2015,20,20.75,19.75,20.75,130144
1/9/2015,20.75,20.75,19.5,20.75,157317
1/12/2015,20,20.35,19.25,19.56,150240
1/13/2015,20,20,19,19.75,193898
1/14/2015,19.25,19.75,19,19.75,26035
1/15/2015,19.75,20.12,18.75,19.63,139061
1/16/2015,19.75,20.75,19,20.5,239051
1/20/2015,20.13,20.5,19.23,20.25,190220
1/21/2015,20.5,21.5,20.5,21,364033
1/22/2015,21,21,17.56,20.5,260025
1/23/2015,20.48,20.5,19.07,20.25,99426
1/26/2015,20.5,20.5,19.5,19.64,55737
1/27/2015,19.75,20.25,19.25,20.25,77702
1/28/2015,20.5,20.5,19.5,20.25,52848
1/29/2015,20.25,20.26,19.43,19.75,84967
1/30/2015,19.63,20,19.5,20,53834
2/2/2015,20,20,19.3,19.75,45315
2/3/2015,19.5,20.5,19.13,20,81497
2/4/2015,19.3,20,18.75,20,59554
2/5/2015,20,20,19.25,19.25,87339
2/6/2015,19.5,20,18.8,20,92126
2/9/2015,19.04,19.74,18.11,19.19,293339
2/10/2015,19,19.25,18.5,19,42582
2/11/2015,18.25,19.5,18,18.25,77033
2/12/2015,18.25,19,18.02,18.06,89991
2/13/2015,18.75,18.75,18,18.75,162941
2/17/2015,19.25,19.38,17.8,18.98,187419
2/18/2015,18.75,18.8,17.25,17.44,282194
2/19/2015,17.5,18.5,16.75,18.5,268066
2/20/2015,17.97,17.97,17.25,17.46,143089
2/23/2015,17,18.38,16.76,17.5,57864
2/24/2015,17.75,18.05,15.28,17.86,622552
2/25/2015,17.5,17.5,16,17,185611
2/26/2015,16.25,16.75,15,16.38,271778
2/27/2015,16.25,16.95,15.5,15.51,157881
3/2/2015,15.75,16.2,14.75,15.75,361592
3/3/2015,16.25,16.25,14.25,14.25,580255
3/4/2015,15.25,15.25,14.25,14.44,426792
3/5/2015,15,15.75,14.37,14.75,111660
3/6/2015,15,15.2,14.28,14.75,175146
3/9/2015,15.5,15.5,13.9,14,281649
3/10/2015,14.75,14.75,12.55,12.75,306991
3/11/2015,12.25,12.75,11.31,11.68,415430
3/12/2015,11.5,12.77,11.5,12.15,383641
3/13/2015,12.25,12.75,11.63,11.93,119380
3/16/2015,12,12.25,10.9,11,172309
3/17/2015,11.25,11.25,9.75,10.25,735848
3/18/2015,9.09,11.25,9.09,11.14,569146
3/19/2015,11.25,11.25,10,10.31,217308
3/20/2015,11.13,11.5,9.75,11,205989
3/23/2015,11.13,11.75,10.75,11.75,146818
3/24/2015,12.38,12.38,11.25,11.47,165061
3/25/2015,12,12,10.75,10.95,57652
3/26/2015,11.25,11.73,10.75,11.73,113629
3/27/2015,11.75,11.75,11,11.1,60373
3/30/2015,10.5,11,10.5,10.75,288173
3/31/2015,11,11,9.15,9.25,630670
4/1/2015,9.78,11,9.07,9.63,316905
4/2/2015,9.5,10,5.13,9.99,1876398
4/6/2015,9.75,9.93,8.5,8.5,340468
4/7/2015,7.75,9.5,7.01,9,300442
4/8/2015,9.75,9.75,8.25,8.78,145991
4/9/2015,8.5,9.5,8.5,9,40895
4/10/2015,8.75,9.25,8.75,8.78,101060
4/13/2015,9.25,9.25,8.32,8.84,155005
4/14/2015,9.28,9.5,8.5,8.76,62906
4/15/2015,9,9.72,8.75,9.38,144121
4/16/2015,9.38,9.75,9.38,9.63,158428
4/17/2015,9.75,9.75,8.75,8.75,326808
4/20/2015,8.76,9.98,8.76,9.98,154702
4/21/2015,9.98,10,9.72,10,82429
4/22/2015,10,10,9.67,9.89,116806
4/23/2015,9.99,10.27,9.64,10.04,49324
4/24/2015,9.75,9.75,9,9,124697
4/27/2015,9.5,9.75,9.25,9.54,96276
4/28/2015,9.75,9.87,9.5,9.65,27282
4/29/2015,9.5,9.87,9.25,9.38,113092
4/30/2015,9.75,9.75,9.25,9.48,17522
5/1/2015,9.04,9.36,9,9.25,64383
5/4/2015,9,10.5,9,10.5,646054
5/5/2015,10.5,10.73,10,10.5,316162
5/6/2015,10.5,10.71,10.25,10.25,146624
5/7/2015,10.25,11.68,10.25,11.43,716892
5/8/2015,11.43,12,10.93,12,306678
5/11/2015,12,12,11.18,11.25,124059
5/12/2015,11.25,12.92,10.31,11.94,557884
5/13/2015,11.73,11.73,11.25,11.69,174767
5/14/2015,11.38,11.38,10.79,11.08,105661
5/15/2015,10.88,11,10.25,11,130832
5/18/2015,10.25,10.73,9.75,10,60122
5/19/2015,10.5,10.95,9.89,10.25,71946
5/20/2015,10.25,10.25,10,10.01,177412
5/21/2015,10.25,10.5,9.5,10.15,134575
5/22/2015,9.5,9.75,8.51,9.25,682505
5/26/2015,8.75,9.22,8.55,8.75,139732
5/27/2015,8.88,10.25,8.75,9.25,141176
5/28/2015,9.9,10.25,9.63,9.75,45494
5/29/2015,10.25,10.25,9.5,9.5,77165
6/1/2015,9.98,10,9.5,9.5,37212
6/2/2015,10.25,10.25,9.54,9.63,36530
6/3/2015,10,10,9.39,9.63,43772
6/4/2015,10,10.25,8.91,9.75,48232
6/5/2015,10.25,10.25,9.75,9.75,49748
6/8/2015,10.13,10.25,9.5,9.75,43554
6/9/2015,10.25,11,9.32,11,140351
6/10/2015,10,11.25,10,11.25,57803
6/11/2015,11.5,11.75,10.4,11,142832
6/12/2015,11,11,10,10.25,173227
6/15/2015,10.75,10.75,10,10.5,57136
6/16/2015,12.24,12.24,10.78,11.38,200868
6/17/2015,11.5,11.75,10.19,11.5,104198
6/18/2015,10.75,11.24,10,10.25,117588
6/19/2015,10.37,10.5,9.75,9.75,276828
6/22/2015,9.75,10.25,9.63,9.88,263358
6/23/2015,9.75,10.25,9.75,10,95966
6/24/2015,10.5,10.5,10,10.5,56123
6/25/2015,10.25,10.25,9.94,9.94,20486
6/26/2015,9.75,9.9,9.75,9.9,89737
6/29/2015,9.63,9.9,9.5,9.63,100709
6/30/2015,9.85,9.9,9.75,9.75,14628
7/1/2015,9.85,10.13,9.63,9.63,161635
7/2/2015,9.75,10,9.63,10,139489
7/6/2015,9.75,10.15,9.75,9.75,46094
7/7/2015,10,10,9.5,10,85287
7/8/2015,9.75,9.75,9,9.25,109617
7/9/2015,9.3,9.75,9,9,53688
7/10/2015,9,9.65,8.88,9.45,24800
7/13/2015,9.28,9.45,9,9.41,26307
7/14/2015,9.04,9.63,8.88,9,23974
7/15/2015,9.45,9.48,9,9.25,71613
7/16/2015,9.01,9.7,9,9.25,42125
7/17/2015,9.04,9.25,8.63,9.25,47441
7/20/2015,9,9.25,7.82,8.75,91367
7/21/2015,8.75,9.23,8.36,9.23,58846
7/22/2015,9,9.06,8.75,9,120598
7/23/2015,9,9.18,8.81,9,52811
7/24/2015,8.63,9.25,8.63,9.23,75474
7/27/2015,9,9.5,8.5,8.5,46437
7/28/2015,8.75,9.25,8,8.13,224870
7/29/2015,8.13,9.13,8.13,8.5,103591
7/30/2015,8.88,9.13,7.5,7.75,166380
7/31/2015,8.5,8.5,7.75,8.25,127025
8/3/2015,8.75,9.5,7.75,7.75,85012
8/4/2015,7.9,8.25,7.75,8.25,54096
8/5/2015,8.3,8.3,8,8,44356
8/6/2015,8.25,8.25,7.75,7.75,67422
8/7/2015,8,8.5,7.75,8.25,74713
8/10/2015,8.5,8.5,7.75,8.25,107157
8/11/2015,8.75,9.25,8.03,8.5,121976
8/12/2015,8.7,9.2,8.5,9,102246
8/13/2015,9.1,9.75,9,9.16,114332
8/14/2015,9.47,9.69,9,9.5,26179
8/17/2015,9.13,9.73,9,9.43,28428
8/18/2015,9.25,9.75,9.23,9.5,88887
8/19/2015,9.65,9.75,8.38,8.38,114576
8/20/2015,8.63,9,8.25,8.25,96908
8/21/2015,8.75,9,7.81,8.25,120739
8/24/2015,8.25,8.25,7.63,7.75,134711
8/25/2015,7.75,8.5,7.25,7.5,65230
8/26/2015,7.97,8.25,6.88,6.88,163514
8/27/2015,6.95,7.5,6.95,7.25,90951
8/28/2015,7.5,7.5,7.13,7.13,84231
8/31/2015,6.9,7.5,6.9,7.5,62382
9/1/2015,7.5,8,7.38,7.73,74212
9/2/2015,7.5,8,7.21,7.38,56974
9/3/2015,7.3,8,7.3,8,27613
9/4/2015,7.83,8,7.5,8,50206
9/8/2015,8,8.25,7.5,7.63,42644
9/9/2015,7.87,8.25,7.75,8.25,56883
9/10/2015,8.25,9.5,8,8.5,158935
9/11/2015,7.56,9.24,7.56,8.79,131915
9/14/2015,9,9.25,8.25,9.25,26450
9/15/2015,9.25,9.75,9,9.5,56173
9/16/2015,9.5,9.75,8.75,9.75,55307
9/17/2015,9.75,9.75,9,9,69284
9/18/2015,9.1,15.75,9,15.75,887606
9/21/2015,11.25,13.75,11.25,11.53,362598
9/22/2015,11.5,11.75,11,11.25,86551
9/23/2015,11.25,11.25,10.5,10.82,141927
9/24/2015,10.5,11,10.5,10.5,47158
9/25/2015,10.5,12.25,10.5,11.75,167333
9/28/2015,11.85,12.75,11.25,11.75,95679
9/29/2015,12.75,14.5,11.25,11.25,59282
9/30/2015,12,12,10.5,10.5,90227
10/1/2015,10.5,12,10.5,10.5,82787
10/2/2015,10.5,11.25,10.13,10.63,104447
10/5/2015,11.5,11.5,10.5,10.88,31360
10/6/2015,10.25,10.5,10,10.13,96279
10/7/2015,10,11,9.75,10.5,124931
10/8/2015,10.75,12.5,10.75,11.5,161736
10/9/2015,11.75,12.5,11.5,11.75,36422
10/12/2015,11.65,11.78,11,11.3,65522
10/13/2015,11.5,12.5,11.5,11.75,58586
10/14/2015,11.88,12.5,11.75,11.85,30818
10/15/2015,11.75,12.25,11.5,12.25,59913
10/16/2015,12.13,12.25,12,12.25,14504
10/19/2015,12.25,12.5,11.5,12.25,89944
10/20/2015,12.4,12.48,8.75,10.5,102854
10/21/2015,11,11.5,9.85,9.9,178790
10/22/2015,9.93,11,9.93,10,49933
10/23/2015,9.99,10.5,9.75,10.5,184680
10/26/2015,10.65,10.65,9.51,10,49598
10/27/2015,9.99,9.99,9.5,9.5,51731
10/28/2015,9.6,10,9.5,9.51,98798
10/29/2015,8.76,9.88,8.76,9.88,131653
10/30/2015,9.5,9.88,9.25,9.5,119573
11/2/2015,9.65,10,9.13,9.49,78007
11/3/2015,9.3,9.75,9.3,9.59,141283
11/4/2015,9.45,9.75,8.88,9.75,143800
11/5/2015,9.38,9.7,9.14,9.5,32082
11/6/2015,9.5,9.75,8.98,9.39,209717
11/9/2015,9.5,9.5,9.13,9.38,66142
11/10/2015,9.13,9.75,8.51,9.25,90048
11/11/2015,10,10,7.5,8.25,343048
11/12/2015,8.5,9.49,8.5,9,124852
11/13/2015,9.25,9.75,8.75,9,89173
11/16/2015,8.5,8.75,8.07,8.25,287672
11/17/2015,8.25,9.01,8,9.01,123613
11/18/2015,8.75,9.5,8.5,8.5,231390
11/19/2015,8.5,8.5,8,8.3,144524
11/20/2015,8.5,8.94,8.5,8.5,99017
11/23/2015,8.5,9.25,8.3,8.3,122597
11/24/2015,8.13,8.75,8.13,8.75,37198
11/25/2015,8.01,8.38,8,8.13,168932
11/27/2015,8.5,8.72,8.28,8.5,25801
11/30/2015,8.6,8.6,8.03,8.25,59268
12/1/2015,8.33,8.6,8,8.19,47725
12/2/2015,8.01,8.25,8,8,168943
12/3/2015,8,8.24,8,8.24,136634
12/4/2015,8,8.25,7.24,7.39,269299
12/7/2015,7.39,7.5,6.5,6.5,165381
12/8/2015,6.75,6.8,5.5,5.75,227433
12/9/2015,5.5,6.25,5.5,6.18,257886
12/10/2015,6.86,7.25,6.5,6.95,104556
12/11/2015,6.25,7.25,6.25,6.75,230872
12/14/2015,6.75,6.75,6,6.25,115780
12/15/2015,6.25,6.75,6.03,6.5,168225
12/16/2015,6.25,6.25,5.8,5.88,371981
12/17/2015,6.25,7.25,6.25,6.75,297954
12/18/2015,6.98,7.25,6.25,6.25,180333
12/21/2015,6.38,6.68,5.75,6,223650
12/22/2015,6.23,6.75,5.89,6,397905
12/23/2015,6.01,6.75,6.01,6.5,190727
12/24/2015,6.75,7,6.58,7,123644
12/28/2015,6.75,7.38,6.74,7.38,172657
12/29/2015,7.25,7.48,6.75,7.01,186987
12/30/2015,7,7.38,6.26,6.75,188919
12/31/2015,6.75,7.1,6.38,6.75,275657
1/4/2016,7.25,7.25,6.75,7,32857
1/5/2016,7,7.3,6.78,6.83,65590
1/6/2016,6.83,7.12,6.25,6.5,132783
1/7/2016,6.25,6.97,6.25,6.97,149674
1/8/2016,6.97,6.97,6.5,6.57,69082
1/11/2016,6.75,6.95,6.25,6.46,102967
1/12/2016,6.3,6.75,6.25,6.26,53310
1/13/2016,6.26,6.75,6.25,6.25,58981
1/14/2016,6.18,6.68,5.88,6.25,171200
1/15/2016,5.8,6.25,5.8,5.82,82948
1/19/2016,6.25,6.5,5.78,6.39,274246
1/20/2016,6.03,6.47,5.75,5.76,81885
1/21/2016,5.76,6.25,5.76,5.8,7419
1/22/2016,5.78,6.22,5.75,6,53884
1/25/2016,6,6.15,6,6,30853
1/26/2016,6,6.12,6,6,102218
1/27/2016,6,6.25,6,6.04,20870
1/28/2016,6.23,6.25,6,6,41168
1/29/2016,6.22,6.5,5.75,5.75,233708
2/1/2016,5,5.5,4.5,5,341696
2/2/2016,5.22,6,4.91,5.68,212531
2/3/2016,5.9,6,5.25,5.25,29529
2/4/2016,5.25,5.25,4.88,5.25,103115
2/5/2016,5.05,5.75,5,5.5,8422
2/8/2016,5.77,5.95,5.13,5.25,26664
2/9/2016,5.25,5.75,4.88,5,35376
2/10/2016,5.07,5.5,5,5,77973
2/11/2016,5.5,5.55,4.78,4.78,79036
2/12/2016,4.75,5.57,4.61,4.85,141184
2/16/2016,5.25,5.25,4.75,5.01,18361
2/17/2016,5,5.5,4.76,5.41,6915
2/18/2016,5.06,7.25,4.76,6.19,732432
2/19/2016,6.03,6.25,5.5,5.65,76203
2/22/2016,5.45,6,5,5.26,91132
2/23/2016,5.15,5.74,5.15,5.65,45958
2/24/2016,5.45,5.73,5.45,5.5,39966
2/25/2016,5.5,5.68,5,5.5,5035
2/26/2016,5.13,5.75,5.01,5.25,54596
2/29/2016,5.75,5.75,5.25,5.5,29199
3/1/2016,5.45,5.75,5.01,5.51,58236
3/2/2016,5.51,6.25,5.51,6,22429
3/3/2016,5.78,6,5.5,5.5,21214
3/4/2016,5.75,6.25,5.52,6.05,86053
3/7/2016,6,6.25,5,5.31,127543
3/8/2016,5.2,5.37,5,5.25,35640
3/9/2016,5.47,6.25,5.3,5.3,33401
3/10/2016,5.57,6,5,5,78488
3/11/2016,5.13,5.78,5,5,88509
3/14/2016,5,5.5,5,5.13,83084
3/15/2016,5.38,6,5,5.13,94156
3/16/2016,5.38,6.25,5.38,6.13,115363
3/17/2016,6,6.13,5.53,5.79,134750
3/18/2016,5.63,6.25,5.5,5.92,165834
3/21/2016,5.63,6.1,5.52,6.1,31669
3/22/2016,5.75,6.1,5.5,5.75,74671
3/23/2016,5.75,6.25,5.63,5.8,183029
3/24/2016,5.5,5.5,5,5.38,153718
3/28/2016,5.13,6.12,5.13,5.5,72285
3/29/2016,5.4,6,5.4,5.88,36620
3/30/2016,5.88,6,5.67,5.75,106854
3/31/2016,6,6,5.5,5.5,93982
4/1/2016,5.5,6,5.5,5.55,141140
4/4/2016,5.83,6,5.5,5.5,55489
4/5/2016,5.5,5.99,5.5,5.75,41800
4/6/2016,5.55,6,5.5,5.5,23178
4/7/2016,5.5,5.75,5.5,5.5,61087
4/8/2016,5.65,5.75,5.5,5.5,195699
4/11/2016,5.5,5.88,5.05,5.38,78671
4/12/2016,5.72,5.76,5.25,5.31,180791
4/13/2016,5.31,5.31,5.13,5.13,196087
4/14/2016,5.13,5.5,5.13,5.13,154471
4/15/2016,5.13,5.5,5.05,5.05,27364
4/18/2016,5.05,5.5,5.05,5.05,148106
4/19/2016,5.24,5.5,5.24,5.3,121400
4/20/2016,5.48,5.48,5.25,5.25,70322
4/21/2016,5.47,5.5,5.13,5.25,13064
4/22/2016,5.38,5.5,5,5,91774
4/25/2016,5.25,5.25,5,5,63260
4/26/2016,4.88,5.2,4.75,4.9,109369
4/27/2016,5.14,5.14,4.88,4.88,13450
4/28/2016,5,5,4.88,4.93,37189
4/29/2016,5,5,4.75,4.88,34178
5/2/2016,5.2,5.5,4.75,5.13,274165
5/3/2016,5.25,5.5,5,5.33,185507
5/4/2016,5.13,5.5,5,5.25,54599
5/5/2016,5.03,5.5,5.03,5.08,55282
5/6/2016,5.23,5.5,4.75,5,147935
5/9/2016,5,5.13,4.75,4.93,118171
5/10/2016,4.88,5,4.25,4.53,240465
5/11/2016,4.72,4.75,4.5,4.5,38537
5/12/2016,5,5,4.25,4.38,175433
5/13/2016,4.5,4.5,4.26,4.5,28927
5/16/2016,4,5,4,4.97,140458
5/17/2016,4.25,4.75,4,4.75,172284
5/18/2016,4.8,5,4,4.75,199687
5/19/2016,4.5,4.75,4.49,4.75,113083
5/20/2016,4.75,4.75,4.25,4.75,32556
5/23/2016,4.51,5,4.51,5,53510
5/24/2016,5,5,4.5,4.75,18210
5/25/2016,4.5,4.75,4.25,4.75,12886
5/26/2016,4.75,4.75,4.26,4.62,82652
5/27/2016,4.42,4.5,4.26,4.49,254567
5/31/2016,4.38,4.38,4.13,4.36,191828
6/1/2016,4.29,4.38,4.04,4.37,136122
6/2/2016,4.22,4.22,3.5,3.76,215821
6/3/2016,3.75,4.18,3.51,4,276516
6/6/2016,4,4,3.54,4,254805
6/7/2016,4,4.25,3.51,4,227549
6/8/2016,4,4.06,3.68,3.88,166171
6/9/2016,3.88,4.5,3.88,4.5,245814
6/10/2016,4.5,5,4.25,4.88,1205393
6/13/2016,5,5,4.05,4.75,359511
6/14/2016,4.75,4.75,4.25,4.25,171901
6/15/2016,4.03,4.5,4.03,4.5,72032
6/16/2016,4.5,4.6,4.38,4.38,125385
6/17/2016,4.38,4.75,4.13,4.19,214925
6/20/2016,4.25,4.25,4.01,4.13,145100
6/21/2016,4.25,4.35,4.08,4.25,125086
6/22/2016,4.08,4.25,3.88,4.06,330580
6/23/2016,4.03,4.2,3.88,3.88,231141
6/24/2016,3.99,4.13,3.75,4.13,146498
6/27/2016,4.13,4.38,4.08,4.09,92567
6/28/2016,4.08,4.47,4.08,4.25,90678
6/29/2016,4.08,4.25,4.08,4.08,158703
6/30/2016,4.25,4.63,4.25,4.44,180262
7/1/2016,4.5,4.7,4.38,4.7,105568
7/5/2016,4.51,4.75,4.38,4.38,97970
7/6/2016,4.38,4.75,4.38,4.74,118067
7/7/2016,4.78,4.78,4.5,4.75,81860
7/8/2016,4.63,4.75,4.28,4.5,235083
7/11/2016,4.35,5.25,4.13,4.65,1871425
7/12/2016,4.75,4.75,4.26,4.68,587576
7/13/2016,4.26,4.5,4.08,4.1,852093
7/14/2016,4.19,4.5,4.1,4.37,392630
7/15/2016,4.13,4.5,4.01,4.3,181356
7/18/2016,4.13,4.56,4.05,4.17,231033
7/19/2016,4.13,4.5,4.1,4.5,89312
7/20/2016,4.5,4.56,4.13,4.56,122308
7/21/2016,4.6,4.7,4.25,4.25,60870
7/22/2016,4.25,4.5,4.13,4.13,160203
7/25/2016,4.13,4.33,4.03,4.05,133501
7/26/2016,4.05,4.25,4.03,4.16,113709
7/27/2016,4.13,4.13,3.96,3.97,78249
7/28/2016,4.12,4.13,3.51,3.71,181129
7/29/2016,3.75,4,3.63,3.75,124594
8/1/2016,3.93,4.25,3.58,3.75,137620
8/2/2016,4,4.13,3.69,3.8,56683
8/3/2016,3.95,4.06,3.56,3.84,7975
8/4/2016,3.95,4.1,3.88,4.01,74216
8/5/2016,4.1,4.1,3.75,4,59831
8/8/2016,4,4,2.9,3.5,266347
8/9/2016,3.64,3.73,3.25,3.5,89205
8/10/2016,3.48,3.48,3,3.37,199149
8/11/2016,3.28,3.28,2.9,3,373393
8/12/2016,3,3.25,2.38,3.2,678029
8/15/2016,2.94,3.48,2.75,3.31,603281
8/16/2016,3.84,3.89,3,3.36,781495
8/17/2016,3.49,3.75,3.25,3.5,129583
8/18/2016,3.25,3.5,3.1,3.2,108132
8/19/2016,3.23,3.43,3,3.06,54348
8/22/2016,3.2,3.48,3.1,3.25,64440
8/23/2016,3.25,3.41,3,3.34,251173
8/24/2016,3.27,4,3.03,3.9,273509
8/25/2016,3.82,4.25,3.5,4.06,480217
8/26/2016,4.18,4.75,3.88,4.63,1414637
8/29/2016,4.75,4.75,4.11,4.65,864559
8/30/2016,4.4,4.62,4.06,4.08,372444
8/31/2016,4.15,4.41,4.13,4.41,115693
9/1/2016,4.47,4.55,4.25,4.4,415040
9/2/2016,4.5,4.5,4.14,4.14,177272
9/6/2016,4.12,4.36,4.05,4.05,102312
9/7/2016,4.21,4.47,4,4,287249
9/8/2016,4.16,4.25,4.16,4.25,57967
9/9/2016,4.25,4.37,4.05,4.37,73181
9/12/2016,4.22,4.25,4.05,4.19,93133
9/13/2016,4.1,4.25,3.88,4.13,121620
9/14/2016,4.05,4.22,4.05,4.2,38543
9/15/2016,4.2,4.22,4.05,4.13,86326
9/16/2016,4.13,4.13,3.75,4.04,333664
9/19/2016,4,4,3.78,4,11656
9/20/2016,4,4.14,3.8,4.13,97793
9/21/2016,4.14,4.19,4,4.04,50544
9/22/2016,4,4.18,4,4,32797
9/23/2016,4,4.12,4,4.12,56610
9/26/2016,4.17,4.17,4,4.14,22636
9/27/2016,4,4.18,3.98,4.08,51983
9/28/2016,4.13,4.13,3.89,3.89,56963
9/29/2016,3.82,4.08,3.8,3.98,40946
9/30/2016,3.99,4.11,3.88,4.08,64705
10/3/2016,3.92,4.18,3.92,4.09,136147
10/4/2016,4.25,4.47,4.08,4.22,423578
10/5/2016,4.22,4.25,4.13,4.25,214036
10/6/2016,4.25,4.25,4.13,4.25,43480
10/7/2016,4.22,4.25,4.13,4.25,87904
10/10/2016,4.13,4.25,4.13,4.25,61799
10/11/2016,4.3,4.38,4.19,4.31,177412
10/12/2016,4.45,5.75,4.26,5.25,1548874
10/13/2016,5.3,5.65,4.8,5.15,562009
10/14/2016,5,5.3,4.75,4.85,443736
10/17/2016,4.85,5.5,4.66,4.88,260672
10/18/2016,5.12,5.34,4.5,4.56,51580
10/19/2016,4.8,5.22,4.8,4.93,57439
10/20/2016,5,5,4.75,4.78,118309
10/21/2016,4.88,4.88,4.63,4.68,159189
10/24/2016,4.55,4.76,4.55,4.56,124970
10/25/2016,4.5,4.63,4.31,4.31,251200
10/26/2016,4.25,4.72,4.25,4.4,317223
10/27/2016,4.35,4.5,4.35,4.5,64631
10/28/2016,4.56,4.56,4.33,4.33,43411
10/31/2016,4.06,4.55,4.06,4.5,92861
11/1/2016,4.55,4.55,4.13,4.37,67833
11/2/2016,4.33,4.38,4.04,4.3,52197
11/3/2016,4.36,5.5,4.36,4.9,42838
11/4/2016,5,5.25,4.28,4.28,372697
11/7/2016,4.28,4.5,3.5,4.25,293166
11/8/2016,4.08,4.35,4,4.35,86396
11/9/2016,4.03,4.25,3.75,4.25,128960
11/10/2016,3.96,4.08,3.94,4.08,114289
11/11/2016,4,4.19,3.88,4.19,89387
11/14/2016,4.03,4.25,3.83,3.88,168592
11/15/2016,3.5,3.75,2.5,3.25,621601
11/16/2016,3.25,3.58,3.25,3.45,582076
11/17/2016,3.41,3.63,3.15,3.5,221041
11/18/2016,3.36,3.58,3.25,3.5,93102
11/21/2016,3.06,3.5,3.06,3.26,105397
11/22/2016,3.26,3.5,3,3.18,292610
11/23/2016,3.07,3.25,2.88,3,561153
11/25/2016,2.88,3.25,2.88,3.25,61738
11/28/2016,3.25,3.3,2.67,3.16,656922
11/29/2016,2.75,3,2.75,3,335487
11/30/2016,2.75,3.24,2.75,2.88,172931
12/1/2016,2.99,3.21,2.76,2.76,165362
12/2/2016,2.75,3.13,2.5,2.5,271281
12/5/2016,2.5,2.99,2.5,2.61,372720
12/6/2016,2.75,3,2.51,2.62,97314
12/7/2016,2.73,2.99,2.42,2.45,695790
12/8/2016,2.53,3.3,2.5,2.88,861172
12/9/2016,2.99,3.15,2.58,2.78,1065957
12/12/2016,2.89,3,2.58,2.63,312263
12/13/2016,2.76,2.99,2.75,2.98,66255
12/14/2016,3,3,2.75,2.81,226691
12/15/2016,2.93,2.97,2.5,2.63,286716
12/16/2016,2.53,2.86,2.5,2.69,318834
12/19/2016,2.75,2.81,2.5,2.58,383860
12/20/2016,2.58,2.73,2.58,2.6,305259
12/21/2016,2.75,3.33,2.63,2.88,1020895
12/22/2016,3,3.23,2.81,3,551366
12/23/2016,3,3.13,2.88,3.07,771308
12/27/2016,2.91,3.19,2.88,3,438413
12/28/2016,3,3.25,3,3.01,265513
12/29/2016,3.13,3.13,2.75,2.81,733440
12/30/2016,3,3,2.75,3,640060
1/3/2017,3.12,3.13,2.76,2.88,96986
1/4/2017,3.02,3.02,2.8,2.94,66884
1/5/2017,3.06,3.06,2.75,3,241459
1/6/2017,3,3,2.77,2.79,194831
1/9/2017,2.99,3,2.75,2.76,179704
1/10/2017,2.76,2.97,2.74,2.81,241881
1/11/2017,2.8,3.11,2.8,2.88,203482
1/12/2017,3,3.11,2.56,2.82,825290
1/13/2017,2.75,3.08,2.6,2.89,475872
1/17/2017,2.97,3.23,2.81,2.94,167956
1/18/2017,3.06,3.23,2.89,2.93,108616
1/19/2017,3.04,3.2,2.89,2.95,411477
1/20/2017,3,3.18,2.95,3.07,455299
1/23/2017,3,3,2.89,3,344231
1/24/2017,2.89,3.18,2.89,3.13,246654
1/25/2017,3.17,3.18,3,3.17,144715
1/26/2017,3.18,3.18,3.03,3.13,81654
1/27/2017,3.17,3.36,3,3.19,544009
1/30/2017,3.2,3.5,3,3.01,384755
1/31/2017,3.16,3.25,2.9,2.92,133749
2/1/2017,2.92,3,2.9,3,112613
2/2/2017,3,3.06,2.88,3.06,88063
2/3/2017,2.75,3.06,2.75,2.92,140188
2/6/2017,2.75,2.89,2.63,2.7,115367
2/7/2017,2.66,2.88,2.51,2.66,694489
2/8/2017,2.65,2.7,2.5,2.55,436333
2/9/2017,2.54,2.65,2.46,2.5,1073369
2/10/2017,2.5,2.63,2.42,2.5,758502
2/13/2017,2.5,2.5,2.43,2.5,169223
2/14/2017,2.5,2.88,2.44,2.7,241538
2/15/2017,2.75,2.75,2.5,2.63,329096
2/16/2017,2.71,2.71,2.53,2.61,115573
2/17/2017,2.66,2.75,2.5,2.56,232148
2/21/2017,2.25,2.75,2.25,2.65,1161098
2/22/2017,2.75,2.75,2.5,2.68,208136
2/23/2017,2.75,3.75,2.53,3.21,3327854
2/24/2017,3.35,3.5,3.13,3.5,2657240
2/27/2017,3.45,3.99,3.31,3.71,248371
2/28/2017,3.71,3.74,2.9,2.91,267584
3/1/2017,2.93,2.93,2.16,2.6,144876
3/2/2017,2.6,2.6,2.12,2.24,300715
3/3/2017,2.25,2.71,2.24,2.29,358024
3/6/2017,2.3,2.32,1.78,1.87,236743
3/7/2017,1.85,2.25,1.64,1.8,337513
3/8/2017,1.73,1.78,1.53,1.71,187903
3/9/2017,1.65,1.96,1.4,1.51,387943
3/10/2017,1.6,1.75,1.37,1.47,1247276
3/13/2017,1.48,1.49,1.38,1.42,68991
3/14/2017,1.47,1.6,1.31,1.37,413655
3/15/2017,1.34,1.44,1.3,1.34,256901
3/16/2017,1.35,1.37,1.26,1.32,58530
3/17/2017,1.34,1.34,1.3,1.32,73305
3/20/2017,1.3,1.34,1.17,1.19,181661
3/21/2017,1.17,1.23,1.16,1.17,90657
3/22/2017,1.16,1.18,0.97,1.02,245605
3/23/2017,1.05,1.12,1.01,1.02,229890
3/24/2017,1.01,1.08,1.01,1.07,115587
3/27/2017,1.14,1.2,1.06,1.16,317212
3/28/2017,1.15,1.15,0.98,1,386761
3/29/2017,1.05,1.24,1.02,1.12,378360
3/30/2017,1.05,1.1,1,1.02,225823
3/31/2017,1.04,1.04,0.85,0.86,303222
4/3/2017,0.93,0.93,0.8,0.82,151613
4/4/2017,0.89,0.91,0.78,0.79,199833
4/5/2017,0.77,0.81,0.75,0.77,175023
4/6/2017,0.75,0.77,0.67,0.7,240004
4/7/2017,0.68,0.74,0.68,0.72,104111
4/10/2017,0.69,0.72,0.65,0.69,68875
4/11/2017,0.71,0.74,0.68,0.69,81040
4/12/2017,0.72,0.72,0.62,0.62,125366
4/13/2017,0.62,0.77,0.57,0.65,304963
4/17/2017,0.65,0.88,0.65,0.78,231566
4/18/2017,0.8,0.8,0.69,0.74,101930
4/19/2017,0.71,0.74,0.69,0.7,96103
4/20/2017,0.69,0.76,0.68,0.75,99063
4/21/2017,0.72,0.87,0.7,0.74,147030
4/24/2017,0.72,0.75,0.7,0.72,67227
4/25/2017,0.72,0.72,0.7,0.7,105562
4/26/2017,0.7,0.72,0.63,0.71,75618
4/27/2017,0.72,0.84,0.72,0.77,323829
4/28/2017,0.8,0.8,0.76,0.78,71180
5/1/2017,0.75,0.84,0.74,0.8,214950
5/2/2017,0.83,0.86,0.78,0.79,245094
5/3/2017,0.8,0.8,0.75,0.79,163839
5/4/2017,0.8,0.82,0.78,0.8,74568
5/5/2017,0.83,0.88,0.81,0.86,132832
5/8/2017,0.86,0.86,0.8,0.83,13846
5/9/2017,0.8,0.84,0.8,0.83,38588
5/10/2017,0.84,0.84,0.8,0.84,14142
5/11/2017,0.85,0.85,0.78,0.81,134225
5/12/2017,0.79,0.81,0.79,0.81,58144
5/15/2017,0.83,0.85,0.8,0.85,143093
5/16/2017,1,1,0.88,0.89,407424
5/17/2017,0.89,0.89,0.8,0.83,100651
5/18/2017,0.82,0.82,0.78,0.79,136147
5/19/2017,0.79,0.83,0.79,0.8,52974
5/22/2017,0.83,0.83,0.79,0.8,25210
5/23/2017,0.83,0.83,0.79,0.8,20427
5/24/2017,0.79,0.82,0.77,0.77,24912
5/25/2017,0.78,0.79,0.73,0.77,70311
5/26/2017,0.73,0.76,0.73,0.75,43510
5/30/2017,0.73,0.75,0.71,0.71,55895
5/31/2017,0.71,0.72,0.67,0.69,35998
6/1/2017,0.71,0.71,0.66,0.66,26432
6/2/2017,0.69,0.73,0.69,0.71,33791
6/5/2017,0.68,0.7,0.65,0.68,34535
6/6/2017,0.68,0.7,0.67,0.69,33322
6/7/2017,0.71,0.75,0.69,0.7,208075
6/8/2017,0.72,0.72,0.7,0.7,31919
6/9/2017,0.7,0.7,0.64,0.65,66235
6/12/2017,0.68,0.68,0.63,0.63,24373
6/13/2017,0.64,0.64,0.5,0.59,83184
6/14/2017,0.6,0.6,0.54,0.57,38789
6/15/2017,0.57,0.57,0.53,0.54,97968
6/16/2017,0.53,0.55,0.5,0.53,142384
6/19/2017,0.53,0.59,0.53,0.56,135193
6/20/2017,0.55,0.63,0.55,0.59,139233
6/21/2017,0.6,0.6,0.55,0.59,26541
6/22/2017,0.58,0.6,0.57,0.57,82942
6/23/2017,0.6,0.6,0.51,0.56,75388
6/26/2017,0.59,0.59,0.54,0.57,16999
6/27/2017,0.56,0.57,0.56,0.56,47014
6/28/2017,0.56,0.57,0.56,0.56,29436
6/29/2017,0.58,0.68,0.57,0.59,241931
6/30/2017,0.61,0.61,0.5,0.58,106643
7/3/2017,0.55,0.57,0.5,0.52,59769
7/5/2017,0.55,0.56,0.53,0.54,37418
7/6/2017,0.54,0.54,0.5,0.52,29668
7/7/2017,0.55,0.58,0.54,0.58,154947
7/10/2017,0.6,0.79,0.6,0.62,261705
7/11/2017,0.85,1.73,0.78,1.45,17171877
7/12/2017,1.3,1.49,1.12,1.18,3955233
7/13/2017,1.2,1.62,1.14,1.28,3578308
7/14/2017,1.29,1.54,1.21,1.38,2447256
7/17/2017,1.74,1.76,1.1,1.15,8019558
7/18/2017,1.05,1.13,0.88,0.95,1969198
7/19/2017,0.95,0.98,0.8,0.96,671167
7/20/2017,1.29,1.37,1.05,1.15,3605863
7/21/2017,1.11,1.15,1,1.05,630721
7/24/2017,1.05,1.05,0.95,1,525162
7/25/2017,1.07,1.14,1,1.07,922095
7/26/2017,1.04,1.06,0.97,1,297269
7/27/2017,0.98,1.03,0.93,1.03,516284
7/28/2017,1.05,1.05,0.99,1,284064
7/31/2017,1.01,1.05,0.98,1.01,306816
8/1/2017,1,1.02,0.98,1.01,138846
8/2/2017,0.99,1.01,0.95,0.98,163037
8/3/2017,1.07,1.08,0.97,1,285933
8/4/2017,1,1,0.95,0.97,196270
8/7/2017,0.96,1,0.92,0.99,234795
8/8/2017,0.94,0.98,0.93,0.93,91553
8/9/2017,0.93,0.94,0.88,0.9,185310
8/10/2017,0.9,1,0.9,0.97,375026
8/11/2017,0.93,1.04,0.91,1.01,590303
8/14/2017,1.03,1.2,1.02,1.18,1088557
8/15/2017,1.2,1.2,0.98,1.07,954169
8/16/2017,1.03,1.07,0.98,1.02,349646
8/17/2017,0.98,1.07,0.98,1.01,360639
8/18/2017,1.01,1.04,0.99,1.03,175749
8/21/2017,1.01,1.02,0.98,1.01,82196
8/22/2017,0.98,1.01,0.93,0.93,218484
8/23/2017,0.94,0.98,0.92,0.96,115783
8/24/2017,0.94,0.96,0.93,0.96,93422
8/25/2017,0.94,0.95,0.86,0.94,165951
8/28/2017,0.96,0.96,0.89,0.93,87906
8/29/2017,0.93,0.95,0.9,0.91,67472
8/30/2017,0.94,0.94,0.9,0.93,52308
8/31/2017,0.93,0.93,0.91,0.92,106637
9/1/2017,0.93,0.93,0.91,0.92,47106
9/5/2017,0.93,0.97,0.9,0.92,145623
9/6/2017,0.97,1,0.91,0.94,271298
9/7/2017,0.92,0.95,0.91,0.92,78952
9/8/2017,0.93,0.94,0.92,0.93,34164
9/11/2017,0.96,0.98,0.94,0.96,45962
9/12/2017,0.98,0.99,0.92,0.99,128126
9/13/2017,1.2,1.37,1.02,1.05,4543900
9/14/2017,0.99,1.04,0.95,0.98,320841
9/15/2017,0.97,1.05,0.95,0.95,124128
9/18/2017,0.95,0.98,0.94,0.95,80491
9/19/2017,1,1.08,0.97,1.04,685412
9/20/2017,1.03,1.04,0.97,1.03,199408
9/21/2017,1.1,1.2,1.02,1.03,1862120
9/22/2017,1.05,1.05,1,1.05,169436
9/25/2017,1.05,1.09,1.01,1.06,220567
9/26/2017,1.26,1.42,1.13,1.13,3360015
9/27/2017,1.19,1.27,1.12,1.22,1600339
9/28/2017,1.27,1.27,1.18,1.2,480848
9/29/2017,1.22,1.6,1.2,1.52,4135470
10/2/2017,1.28,1.47,1.25,1.44,1339383
10/3/2017,1.39,1.56,1.25,1.29,1974594
10/4/2017,1.25,1.35,1.23,1.28,397332
10/5/2017,1.2,1.23,1.1,1.15,1276559
10/6/2017,1.15,1.18,1.11,1.15,337102
10/9/2017,1.13,1.17,1.08,1.11,374656
10/10/2017,1.09,1.15,1.07,1.11,371094
10/11/2017,1.13,1.35,1.09,1.2,1720318
10/12/2017,1.22,1.22,1.12,1.15,529201
10/13/2017,1.15,1.2,1.13,1.2,333756
10/16/2017,1.2,1.41,1.1,1.14,1624192
10/17/2017,1.11,1.15,1,1.13,821513
10/18/2017,1.08,1.16,1.06,1.14,241562
10/19/2017,1.19,1.19,1.08,1.12,181901
10/20/2017,1.12,1.13,1.08,1.08,124294
10/23/2017,1.28,1.35,1.08,1.12,3060441
10/24/2017,1.09,1.17,1.09,1.13,802601
10/25/2017,1.14,1.14,1.1,1.12,410386
10/26/2017,1.12,1.13,1.08,1.12,339167
10/27/2017,1.17,1.19,1.1,1.15,1173075
10/30/2017,1.16,1.26,1.12,1.18,2284357
10/31/2017,1.21,1.23,1.12,1.15,984881
11/1/2017,1.19,1.19,1.11,1.12,1011419
11/2/2017,1.15,1.15,1.05,1.11,653085
11/3/2017,1.11,1.13,1.06,1.11,477023
11/6/2017,1.09,1.13,1.07,1.08,628818
11/7/2017,0.85,0.85,0.8,0.83,4407314
11/8/2017,0.81,0.89,0.81,0.88,942885
11/9/2017,0.9,0.9,0.84,0.85,654288
11/10/2017,0.86,0.91,0.85,0.88,533276
11/13/2017,0.89,0.92,0.86,0.9,925133
11/14/2017,0.98,0.98,0.85,0.86,1587857
11/15/2017,0.85,0.88,0.83,0.83,610485
11/16/2017,0.83,0.85,0.83,0.83,180271
11/17/2017,0.84,0.88,0.81,0.81,302920
11/20/2017,0.85,0.87,0.83,0.83,143489
11/21/2017,0.83,0.85,0.83,0.83,314679
11/22/2017,0.83,0.85,0.82,0.82,235531
11/24/2017,0.83,1.03,0.82,0.92,3316473
11/27/2017,1.33,1.49,1.06,1.13,33159940
11/28/2017,1.56,1.56,1.15,1.19,22014909
11/29/2017,1.25,1.27,1,1.09,9790057
11/30/2017,1.04,1.11,0.97,1.06,4371853
12/1/2017,0.95,1.14,0.86,0.9,7862133
12/4/2017,0.92,0.92,0.83,0.88,3291078
12/5/2017,0.9,0.9,0.82,0.85,3130543
12/6/2017,0.86,0.89,0.82,0.84,3114864
12/7/2017,0.85,0.85,0.54,0.78,2631832
12/8/2017,0.81,0.83,0.79,0.8,1384585
12/11/2017,0.79,0.81,0.73,0.79,2188476
12/12/2017,0.81,0.82,0.74,0.75,6855776
12/13/2017,0.74,0.74,0.66,0.69,2431345
12/14/2017,0.7,0.75,0.69,0.72,1578003
12/15/2017,0.73,0.84,0.7,0.79,6614804
12/18/2017,0.87,1.5,0.86,1.5,47730469
12/19/2017,1.74,1.96,1.26,1.65,42927747
12/20/2017,1.7,1.8,1.45,1.54,13869239
12/21/2017,1.59,1.63,1.35,1.38,10736694
12/22/2017,1.27,1.33,1.06,1.27,8069468
12/26/2017,1.38,3.15,1.35,2.8,41908892
12/27/2017,3.05,3.13,2.33,2.5,36809025
12/28/2017,2.14,2.15,1.77,1.88,21383811
12/29/2017,2.14,2.42,2.03,2.07,27368776
1/2/2018,2.4,2.68,2.13,2.68,18997495
1/3/2018,3,3.39,2.92,2.98,45248193
1/4/2018,3.05,3.12,2.87,2.92,14465772
1/5/2018,2.95,2.99,2.63,2.83,10106398
1/8/2018,2.71,2.74,2.57,2.66,5342856
1/9/2018,2.5,2.53,2.21,2.23,8334247
1/10/2018,2.48,2.6,2.24,2.51,8052934
1/11/2018,2.56,2.59,2.4,2.48,4167635
1/12/2018,2.53,2.53,2.3,2.38,3122346
1/16/2018,2.28,2.45,2.25,2.31,2737112
1/17/2018,2.36,2.4,2.21,2.4,3092894
1/18/2018,2.36,2.51,2.29,2.36,2660003
1/19/2018,2.36,2.41,2.3,2.33,1673175
1/22/2018,2.45,2.45,2.3,2.32,2029930
1/23/2018,2.35,2.35,2.18,2.22,2905402
1/24/2018,2.26,2.27,2.1,2.21,2371775
1/25/2018,2.24,2.24,2.1,2.12,1479400
1/26/2018,2.25,2.35,2.2,2.26,3612309
1/29/2018,2.26,2.32,2.18,2.23,1690497
1/30/2018,2.17,2.23,2.12,2.13,1184528
1/31/2018,2.19,2.19,2.12,2.16,1250587
2/1/2018,2.12,2.25,2.09,2.13,1290752
2/2/2018,2.11,2.15,1.8,1.89,2159855
2/5/2018,1.76,1.89,1.62,1.68,2445410
2/6/2018,1.57,1.89,1.54,1.82,2051494
2/7/2018,1.89,2.05,1.86,1.92,1922599
2/8/2018,2.1,2.11,1.91,1.98,1379642
2/9/2018,2.02,2.02,1.72,1.88,1665698
2/12/2018,1.99,1.99,1.86,1.91,868785
2/13/2018,1.92,1.92,1.84,1.92,631655
2/14/2018,1.93,2.12,1.9,2.07,2073899
2/15/2018,2.12,2.15,2.03,2.1,1926943
2/16/2018,2.09,2.09,2,2.02,1024315
2/20/2018,2.08,2.12,2.02,2.06,981287
2/21/2018,2.02,2.03,1.93,1.94,775934
2/22/2018,1.93,1.97,1.84,1.88,962776
2/23/2018,1.86,1.96,1.84,1.94,655329
2/26/2018,1.96,2.04,1.93,2.01,809121
2/27/2018,2.06,2.07,1.99,2,647902
2/28/2018,2.1,2.34,2.08,2.28,5123373
3/1/2018,2.2,2.25,2.15,2.25,1352966
3/2/2018,2.18,2.29,2.15,2.25,1083530
3/5/2018,2.31,2.44,2.23,2.44,2131693
3/6/2018,2.49,2.67,2.48,2.67,3402591
3/7/2018,2.61,2.85,2.56,2.8,2978560
3/8/2018,3,3.04,2.65,2.72,4776182
3/9/2018,2.75,2.85,2.61,2.85,1791194
3/12/2018,2.91,2.94,2.76,2.92,1401522
3/13/2018,2.95,2.96,2.86,2.91,1348441
3/14/2018,2.96,2.98,2.85,2.87,1214211
3/15/2018,2.87,2.93,2.75,2.82,1033887
3/16/2018,2.84,2.86,2.72,2.86,1198372
3/19/2018,2.9,2.95,2.83,2.88,1366133
3/20/2018,2.94,2.94,2.83,2.85,778363
3/21/2018,3.02,3.35,2.94,3.35,11076821
3/22/2018,3.25,3.59,3.2,3.25,6945205
3/23/2018,3.28,3.28,3.03,3.13,3132936
3/26/2018,3.24,3.33,3.13,3.22,2349951
3/27/2018,3.25,3.29,3.03,3.08,3965355
3/28/2018,2.69,2.85,2.4,2.6,4702255
3/29/2018,2.61,2.65,2.43,2.44,1726770
4/2/2018,2.4,2.4,2.12,2.25,3243374
4/3/2018,2.25,2.3,2.09,2.15,1609238
4/4/2018,2.02,2.39,1.95,2.22,3217434
4/5/2018,2.23,2.45,2.23,2.32,2432331
4/6/2018,2.28,2.39,2.25,2.29,1443714
4/9/2018,2.4,2.46,2.31,2.39,1461224
4/10/2018,2.43,2.43,2.31,2.39,1025416
4/11/2018,2.37,2.37,2.25,2.29,1004394
4/12/2018,2.35,2.38,2.26,2.33,864185
4/13/2018,2.35,2.35,2.27,2.31,877939
4/16/2018,2.35,2.38,2.3,2.3,803404
4/17/2018,2.34,2.5,2.27,2.47,1924931
4/18/2018,2.6,2.72,2.52,2.53,2787297
4/19/2018,2.57,2.62,2.53,2.56,1099989
4/20/2018,2.6,2.6,2.43,2.52,1639469
4/23/2018,2.56,2.61,2.47,2.56,996578
4/24/2018,2.61,2.8,2.59,2.75,2683332
4/25/2018,2.74,2.75,2.6,2.73,1319919
4/26/2018,2.75,2.83,2.71,2.74,1385307
4/27/2018,2.79,2.8,2.73,2.78,719917
4/30/2018,2.88,2.92,2.78,2.87,1726568
5/1/2018,2.89,2.92,2.75,2.88,1480371
5/2/2018,2.84,3.01,2.83,2.94,1896475
5/3/2018,2.96,3,2.86,2.92,1586998
5/4/2018,2.98,2.98,2.77,2.82,1472741
5/7/2018,2.85,2.86,2.67,2.78,2278189
5/8/2018,3.1,3.15,2.92,2.97,3534553
5/9/2018,3,3.01,2.22,2.49,6169294
5/10/2018,2.51,2.6,2.5,2.57,2172828
5/11/2018,2.55,2.6,2.47,2.54,1822346
5/14/2018,2.58,2.58,2.45,2.48,1818545
5/15/2018,2.45,2.45,2.32,2.37,1737158
5/16/2018,2.42,2.47,2.32,2.46,1140478
5/17/2018,2.5,2.5,2.41,2.45,1089876
5/18/2018,2.45,2.45,2.39,2.42,821963
5/21/2018,2.43,2.45,2.36,2.39,917626
5/22/2018,2.37,2.43,2.34,2.38,812847
5/23/2018,2.37,2.4,2.36,2.4,478906
5/24/2018,2.36,2.4,2.35,2.36,646626
5/25/2018,2.35,2.4,2.33,2.4,681432
5/29/2018,2.4,2.47,2.37,2.4,1064379
5/30/2018,2.43,2.43,2.35,2.36,678909
5/31/2018,2.36,2.44,2.35,2.4,798217
6/1/2018,2.4,2.43,2.38,2.42,591738
6/4/2018,2.44,2.45,2.35,2.39,1151455
6/5/2018,2.4,2.41,2.36,2.39,702805
6/6/2018,2.38,2.39,2.33,2.33,869870
6/7/2018,2.39,2.4,2.19,2.23,2306405
6/8/2018,2.22,2.39,2.11,2.33,2258285
6/11/2018,2.35,2.49,2.32,2.45,1762421
6/12/2018,2.55,2.68,2.53,2.62,2664187
6/13/2018,2.65,2.66,2.45,2.56,1925893
6/14/2018,2.58,2.6,2.46,2.54,1413476
6/15/2018,2.52,2.66,2.4,2.65,2310832
6/18/2018,2.7,2.7,2.57,2.62,1094688
6/19/2018,2.6,2.63,2.52,2.54,995189
6/20/2018,2.55,2.57,2.46,2.5,959019
6/21/2018,2.48,2.49,2.42,2.45,739768
6/22/2018,2.46,2.6,2.43,2.6,1310371
6/25/2018,2.58,2.59,2.5,2.57,773380
6/26/2018,2.55,2.56,2.48,2.53,521380
6/27/2018,2.55,2.56,2.42,2.46,892153
6/28/2018,2.42,2.54,2.31,2.47,1739228
6/29/2018,2.43,2.5,2.42,2.5,508492
7/2/2018,2.49,2.5,2.38,2.44,824369
7/3/2018,2.42,2.45,2.39,2.4,546651
7/5/2018,2.44,2.44,2.36,2.43,667375
7/6/2018,2.4,2.51,2.37,2.46,845276
7/9/2018,2.47,2.48,2.38,2.48,894591
7/10/2018,2.51,2.51,2.39,2.43,1431756
7/11/2018,2.39,2.45,2.36,2.4,1172783
7/12/2018,2.4,2.43,2.36,2.4,832733
7/13/2018,2.43,2.43,2.35,2.37,872717
7/16/2018,2.36,2.39,2.32,2.35,808140
7/17/2018,2.32,2.35,2.28,2.31,1363577
7/18/2018,2.36,2.42,2.29,2.39,1468099
7/19/2018,2.4,2.59,2.38,2.55,2106901
7/20/2018,2.57,2.74,2.55,2.59,3086768
7/23/2018,2.66,2.74,2.6,2.71,1700419
7/24/2018,2.8,2.95,2.79,2.89,2891713
7/25/2018,2.98,3.07,2.88,2.93,2751241
7/26/2018,3.01,3.03,2.94,2.97,1157764
7/27/2018,2.97,2.97,2.88,2.92,1123296
7/30/2018,2.94,2.94,2.81,2.85,861493
7/31/2018,2.92,2.92,2.85,2.85,642901
8/1/2018,2.92,2.95,2.85,2.89,840977
8/2/2018,2.91,3.05,2.84,2.93,1936954
8/3/2018,2.98,3,2.87,2.92,1447451
8/6/2018,3.3,3.36,3.05,3.07,6108769
8/7/2018,3.07,3.07,2.75,2.83,3609996
8/8/2018,2.75,2.82,2.65,2.66,1758998
8/9/2018,2.61,2.75,2.52,2.67,1976615
8/10/2018,2.7,2.71,2.58,2.66,1170572
8/13/2018,2.61,2.62,2.55,2.58,1057671
8/14/2018,2.53,2.58,2.49,2.53,1072166
8/15/2018,2.51,2.55,2.37,2.51,1656830
8/16/2018,2.51,2.64,2.51,2.55,1082915
8/17/2018,2.53,2.57,2.5,2.56,761247
8/20/2018,2.53,2.63,2.46,2.57,1098822
8/21/2018,2.53,2.58,2.5,2.54,763378
8/22/2018,2.55,2.56,2.49,2.52,628842
8/23/2018,2.49,2.53,2.47,2.52,688878
8/24/2018,2.47,2.58,2.47,2.56,950909
8/27/2018,2.5,2.58,2.5,2.56,789521
8/28/2018,2.57,2.79,2.52,2.76,3177600
8/29/2018,2.76,2.93,2.76,2.86,2258942
8/30/2018,2.87,2.95,2.76,2.78,1939267
8/31/2018,2.79,2.84,2.73,2.76,828795
9/4/2018,2.81,2.81,2.74,2.77,540152
9/5/2018,2.75,2.84,2.61,2.81,2076722
9/6/2018,2.83,2.85,2.74,2.77,871210
9/7/2018,2.74,2.78,2.68,2.7,912094
9/10/2018,2.7,2.7,2.62,2.68,889121
9/11/2018,2.63,2.75,2.63,2.71,784086
9/12/2018,2.68,2.75,2.67,2.72,590508
9/13/2018,2.69,2.9,2.69,2.8,1708726
9/14/2018,2.83,2.87,2.77,2.81,984769
9/17/2018,2.9,2.95,2.84,2.86,1466815
9/18/2018,2.9,2.98,2.85,2.96,1742746
9/19/2018,2.94,2.99,2.83,2.83,1271149
9/20/2018,2.79,2.89,2.75,2.8,928261
9/21/2018,2.79,2.85,2.77,2.83,634889
9/24/2018,3,3.05,2.88,2.97,3435949
9/25/2018,2.97,2.99,2.91,2.98,797128
9/26/2018,2.93,2.95,2.87,2.9,1168396
9/27/2018,2.86,2.94,2.86,2.94,458717
9/28/2018,2.95,3.02,2.88,3,1050269
10/1/2018,3,3.05,2.94,2.96,1063929
10/2/2018,2.98,2.98,2.86,2.88,1053926
10/3/2018,2.88,2.92,2.78,2.83,1519058
10/4/2018,2.83,2.85,2.68,2.73,1562894
10/5/2018,2.85,2.85,2.63,2.67,1107484
10/8/2018,2.74,2.74,2.5,2.66,1829407
10/9/2018,2.68,2.78,2.62,2.76,646198
10/10/2018,2.68,2.7,2.51,2.52,1655531
10/11/2018,2.5,2.64,2.5,2.53,1399604
10/12/2018,2.6,2.62,2.52,2.55,1321190
10/15/2018,2.55,2.57,2.47,2.54,878289
10/16/2018,2.54,2.57,2.48,2.54,822444
10/17/2018,2.58,2.63,2.55,2.62,770044
10/18/2018,2.6,2.63,2.52,2.54,808659
10/19/2018,2.52,2.57,2.45,2.47,1443683
10/22/2018,2.41,2.46,2.23,2.25,1824012
10/23/2018,2.25,2.3,2.16,2.2,1226719
10/24/2018,2.25,2.45,2.23,2.25,1377462
10/25/2018,2.28,2.35,2.25,2.27,624229
10/26/2018,2.25,2.25,2.16,2.23,692337
10/29/2018,2.23,2.28,2.2,2.23,526316
10/30/2018,2.23,2.23,2.17,2.18,486714
10/31/2018,2.18,2.22,2.15,2.17,697024
11/1/2018,2.19,2.2,2.07,2.14,1331183
11/2/2018,2.11,2.15,2.05,2.15,998120
11/5/2018,2.15,2.15,2.05,2.08,869106
11/6/2018,2.08,2.12,2.06,2.12,566980
11/7/2018,2.18,2.32,2.13,2.29,1668875
11/8/2018,2.16,2.35,2.14,2.34,1327046
11/9/2018,2.25,2.36,2.12,2.22,1108415
11/12/2018,2.15,2.24,2.12,2.15,587425
11/13/2018,2.05,2.15,1.81,1.98,2926193
11/14/2018,1.98,2.08,1.98,2.04,1136291
11/15/2018,2.05,2.05,1.98,2.01,426972
11/16/2018,1.99,2.04,1.93,2.03,1106310
11/19/2018,2,2.01,1.86,1.88,1274192
11/20/2018,1.82,1.84,1.73,1.83,1319775
11/21/2018,1.81,1.91,1.81,1.9,603364
11/23/2018,1.9,1.95,1.9,1.91,273493
11/26/2018,1.95,1.95,1.84,1.88,701255
11/27/2018,1.91,1.93,1.86,1.88,424570
11/28/2018,1.87,1.88,1.84,1.86,421770
11/29/2018,1.88,1.91,1.66,1.87,1384845
11/30/2018,1.88,1.89,1.82,1.86,430084
12/3/2018,1.89,1.92,1.78,1.82,834674
12/4/2018,1.8,1.81,1.75,1.75,691022
12/6/2018,1.74,1.75,1.64,1.7,841118
12/7/2018,1.7,1.78,1.67,1.72,519804
12/10/2018,1.72,1.76,1.66,1.68,722727
12/11/2018,1.7,1.71,1.63,1.65,588370
12/12/2018,1.68,1.68,1.55,1.67,1172432
12/13/2018,1.73,1.73,1.63,1.65,511862
12/14/2018,1.63,1.68,1.62,1.63,347876
12/17/2018,1.63,1.66,1.45,1.47,1360682
12/18/2018,1.47,1.56,1.47,1.52,786729
12/19/2018,1.51,1.54,1.47,1.47,647112
12/20/2018,1.55,1.65,1.5,1.55,1522564
12/21/2018,1.54,1.58,1.48,1.57,1302844
12/24/2018,1.55,1.55,1.51,1.51,323275
12/26/2018,1.53,1.55,1.48,1.54,718214
12/27/2018,1.55,1.6,1.45,1.59,776878
12/28/2018,1.6,1.66,1.56,1.64,875397
12/31/2018,1.64,1.71,1.6,1.69,688080
1/2/2019,1.7,1.75,1.67,1.75,571960
1/3/2019,1.75,1.85,1.74,1.84,963816
1/4/2019,1.9,2,1.85,1.97,982032
1/7/2019,2.02,2.07,1.99,2.05,991142
1/8/2019,2.1,2.17,2.08,2.15,1373404
1/9/2019,2.19,2.19,2.05,2.09,1028551
1/10/2019,2.1,2.21,2.05,2.15,1100342
1/11/2019,2.18,2.3,2.17,2.23,1835617
1/14/2019,2.25,2.29,2.2,2.29,1799751
1/15/2019,2.28,2.36,2.21,2.25,987345
1/16/2019,2.25,2.27,2.21,2.26,445113
1/17/2019,2.26,2.3,2.21,2.27,580075
1/18/2019,2.3,2.35,2.26,2.34,922748
1/22/2019,2.28,2.34,2.18,2.2,872827
1/23/2019,2.21,2.27,2.12,2.2,614539
1/24/2019,2.21,2.29,2.18,2.28,534309
1/25/2019,2.31,2.35,2.27,2.31,1080523
1/28/2019,2.36,2.55,2.35,2.48,2663520
1/29/2019,2.43,2.52,2.43,2.48,1446891
1/30/2019,2.52,2.53,2.42,2.5,1916530
1/31/2019,2.5,2.55,2.47,2.5,769329
2/1/2019,2.54,2.68,2.5,2.64,1392462
2/4/2019,2.67,2.8,2.65,2.79,1992405
2/5/2019,2.8,3.02,2.8,2.99,3739566
2/6/2019,2.95,3.01,2.86,2.93,2004405
2/7/2019,2.88,2.91,2.7,2.91,1616028
2/8/2019,2.83,2.89,2.81,2.85,781318
2/11/2019,2.87,2.91,2.8,2.84,912000
2/12/2019,2.85,2.91,2.78,2.9,1762694
2/13/2019,2.94,3.05,2.92,3,2614895
2/14/2019,3.1,3.2,3.02,3.19,2848791
2/15/2019,3.2,3.76,3.19,3.73,7831499
2/19/2019,3.72,3.74,3.35,3.64,4144635
2/20/2019,3.69,3.8,3.6,3.7,2890394
2/21/2019,3.74,3.86,3.62,3.76,2370248
2/22/2019,3.78,3.96,3.74,3.91,2166343
2/25/2019,3.94,3.95,3.68,3.71,2561040
2/26/2019,3.65,3.88,3.47,3.78,3520033
2/27/2019,3.81,4.11,3.77,4.06,3824619
2/28/2019,4.06,4.1,3.96,4.02,1920328
3/1/2019,4.06,4.09,3.96,3.97,1546211
3/4/2019,3.94,3.95,3.63,3.85,3251356
3/5/2019,3.88,3.91,3.76,3.81,1717069
3/6/2019,3.79,3.85,3.63,3.67,2000885
3/7/2019,3.67,3.92,3.53,3.88,3172282
3/8/2019,3.85,3.97,3.83,3.9,2383720
3/11/2019,3.95,4.3,3.95,4.17,4851247
3/12/2019,4.24,4.3,3.9,3.91,5248134
3/13/2019,4.56,5.15,4.5,4.79,18597217
3/14/2019,4.74,5.03,4.53,4.8,4491526
3/15/2019,4.8,5.29,4.8,5.21,6125058
3/18/2019,5.2,5.76,5.13,5.7,6880735
3/19/2019,5.74,5.93,4.95,5.05,10913943
3/20/2019,5.4,5.47,5.12,5.15,3990952
3/21/2019,5.1,5.12,4.66,4.7,6892482
3/22/2019,4.7,4.75,4.39,4.61,4586393
3/25/2019,4.57,4.81,4.38,4.43,3829669
3/26/2019,4.5,4.65,4.3,4.56,2895062
3/27/2019,4.6,4.69,4.36,4.45,2556128
3/28/2019,4.91,4.97,4.37,4.46,5816453
3/29/2019,4.46,4.56,4.38,4.55,3407622
4/1/2019,4.55,4.73,4.46,4.54,2680001
4/2/2019,4.55,4.67,4.51,4.64,2796410
4/3/2019,4.67,5.04,4.62,4.89,5425614
4/4/2019,5.07,5.26,4.9,4.97,4202824
4/5/2019,4.97,5.03,4.85,4.96,2632594
4/8/2019,4.96,4.99,4.75,4.84,3131202
4/9/2019,4.73,4.79,4.33,4.35,7482268
4/10/2019,4.35,4.49,4.07,4.43,3807501
4/11/2019,4.32,4.33,3.92,4.15,5437231
4/12/2019,4.1,4.18,4.01,4.04,2660009
4/15/2019,3.98,4.03,3.75,4.01,3179049
4/16/2019,4,4.14,3.8,3.82,3021851
4/17/2019,3.89,4.07,3.74,3.98,3162990
4/18/2019,4.01,4.12,3.88,4.1,3275124
4/22/2019,4.01,4.27,4.01,4.23,2914102
4/23/2019,4.25,4.29,4.12,4.21,2565827
4/24/2019,4.19,4.23,4.06,4.07,1969665
4/25/2019,4.06,4.09,3.83,3.89,2915344
4/26/2019,4.16,4.27,3.94,4.11,4332056
4/29/2019,4.14,4.57,4.12,4.33,5919460
4/30/2019,4.4,4.57,4.26,4.56,3798758
5/1/2019,4.6,4.91,4.41,4.47,5289302
5/2/2019,4.46,4.64,4.38,4.42,3105146
5/3/2019,4.47,4.8,4.37,4.8,4489589
5/6/2019,4.64,5.25,4.55,5.18,7910338
5/7/2019,5.14,5.38,4.77,4.9,7891132
5/8/2019,5.1,5.15,4.61,4.69,8475291
5/9/2019,4.45,4.65,4.12,4.5,5218440
5/10/2019,4.48,4.55,4.26,4.36,2980353
5/13/2019,4.25,4.28,3.92,4.15,4351484
5/14/2019,4.12,4.47,4.12,4.39,3117344
5/15/2019,4.39,4.49,4.22,4.48,3828037
5/16/2019,4.47,4.65,4.45,4.65,4674477
5/17/2019,4.58,4.71,4.53,4.59,2170979
5/20/2019,4.5,4.69,4.46,4.68,1988802
5/21/2019,4.68,4.95,4.65,4.91,3419694
5/22/2019,4.85,5,4.82,4.84,3363782
5/23/2019,4.81,4.82,4.41,4.43,4268275
5/24/2019,4.53,4.72,4.5,4.72,2850141
